"id" "w_obs" "t_ij"
"1" 1 9.27178900416436 0
"2" 1 21.3072120352688 0.297628653535427
"3" 1 9.42111279426321 0.49860593061638
"4" 1 5.29922514631493 0.559077615446134
"5" 1 1.22825628536 0.664640481274492
"6" 1 1.13495808474404 0.681953285208038
"7" 2 10.5646876485002 0
"8" 2 0.621240102883523 0.652145332514191
"9" 2 2.89435242670545 0.687144363840524
"10" 2 1.57610641294462 0.689439383053134
"11" 3 8.42800380885894 0
"12" 3 13.4155180528038 0.428650893899532
"13" 3 13.8634417693016 0.437197761929785
"14" 3 1.25281075042948 0.650587595938944
"15" 3 2.83726423129637 0.837934174470897
"16" 4 8.43870535619276 0
"17" 4 16.830302580081 0.128205172181351
"18" 4 15.3840615790806 0.382447361395741
"19" 4 12.3271255427619 0.432946038755891
"20" 4 12.3649838694718 0.453637445316371
"21" 4 8.12950433017645 0.522749070676768
"22" 5 8.53664783240346 0
"23" 5 16.2781642944308 0.230806832882669
"24" 5 19.7235973216185 0.341549090765507
"25" 5 17.8926485006156 0.38114343980677
"26" 5 10.8853965304435 0.501430888261431
"27" 5 5.16772346349051 0.542830522920491
"28" 5 5.50901997463948 0.586281121910579
"29" 6 11.2573646466868 0
"30" 6 21.6509691029082 0.224886717830288
"31" 6 19.3374336287547 0.271989879882015
"32" 6 21.3586865330161 0.329043558754374
"33" 6 8.98302501373329 0.508976352787558
"34" 6 5.23747717813758 0.5703654164889
"35" 6 3.3995244598761 0.667625690798562
"36" 6 1.27119209175356 0.767050598158028
"37" 7 8.45100732816589 0
"38" 7 18.4845198827525 0.33450344617038
"39" 7 12.7329672210078 0.452319784808358
"40" 7 12.5834125971106 0.524311345299159
"41" 7 5.65873572159909 0.617167709183328
"42" 7 4.40353851201757 0.879279976127812
"43" 8 11.4515735747713 0
"44" 8 19.3922858466329 0.275302680659811
"45" 8 5.72859342277427 0.528299418792588
"46" 8 5.81505843884118 0.561608624333941
"47" 8 4.85128025312921 0.752425240743568
"48" 9 13.7821932282893 0
"49" 9 18.1711927669636 0.113335539127758
"50" 9 21.9160567836331 0.224549051504165
"51" 10 6.8821947787734 0
"52" 10 11.4510078135427 0.176412820761872
"53" 10 10.9190351943491 0.40216758951117
"54" 10 11.1720380980374 0.454970261779809
"55" 10 -3.72977891830028 0.654672683885042
"56" 10 -7.30281346874361 0.688130193473525
"57" 11 9.09317516119957 0
"58" 11 11.9460717348514 0.474864530346586
"59" 11 6.1103812897352 0.522781118280943
"60" 11 -1.32588586008831 0.634427133696515
"61" 12 6.97931763842132 0
"62" 12 16.9254575078193 0.352694040505778
"63" 12 11.4226685960871 0.485295779725012
"64" 12 -1.68590876651606 0.636016369846072
"65" 13 10.0533062231855 0
"66" 13 19.192598637763 0.32657263157759
"67" 13 5.84057689019734 0.587512347914996
"68" 13 3.73069751142505 0.601663260201137
"69" 13 1.91357825248854 0.614990355931307
"70" 13 -3.71964217855775 0.729211274178256
"71" 13 -1.48896759885496 0.752509970245247
"72" 14 9.64326199187564 0
"73" 14 22.0299568174701 0.206541470854768
"74" 14 18.3315473857052 0.329620325159094
"75" 14 19.7672182178695 0.341504678344391
"76" 14 5.55809305154925 0.531187388613818
"77" 14 8.11633007849252 0.554779763557965
"78" 14 6.1161875845791 0.627207427109782
"79" 14 3.03725147074724 0.715778256647929
"80" 15 10.3215205875198 0
"81" 15 21.7496819831515 0.208422588463258
"82" 15 19.9471998780069 0.366489876167409
"83" 15 15.1748844749201 0.376400787847577
"84" 16 7.47059297107885 0
"85" 16 15.166640441198 0.353508370159645
"86" 16 15.1761618297193 0.379292268825623
"87" 16 15.5314240627563 0.407005820877914
"88" 17 6.54405645030481 0
"89" 17 11.4472451464585 0.383631607964001
"90" 17 8.4427823631768 0.434875068334999
"91" 17 9.38801488544956 0.462035308131074
"92" 17 8.36100483621809 0.503209211006993
"93" 17 0.59177715979157 0.58849485809176
"94" 18 8.73493130625246 0
"95" 18 18.3770503453668 0.261243244677402
"96" 18 11.0221520038256 0.442632182191559
"97" 18 8.25102713417495 0.513157872313957
"98" 18 5.03773623989342 0.586788079893865
"99" 18 2.8767077798447 0.646070969842026
"100" 18 -0.0442443599390387 0.666282319136693
"101" 18 1.08940911876262 0.676040208395737
"102" 19 7.48641926069886 0
"103" 19 14.3166722146439 0.281555483596897
"104" 19 13.9865139190744 0.295485683180859
"105" 19 6.45764929324058 0.468429900618996
"106" 19 4.24001796526286 0.575492962447741
"107" 19 -0.905569535801924 0.582143360139423
"108" 20 13.8741246773448 0
"109" 20 24.6226328240606 0.222134268838233
"110" 20 14.9725553738523 0.50759455907162
"111" 20 10.9983651279378 0.558365838810955
"112" 20 3.28779627445074 0.766895359250682
"113" 20 7.16206157934129 0.840253106503733
"114" 20 7.99050802526176 0.912061169993389
"115" 21 8.33105472583337 0
"116" 21 18.6335206591923 0.214279713659354
"117" 21 19.6009367367934 0.344216941902216
"118" 21 15.9239639327442 0.366834386644811
"119" 21 9.81760552391733 0.478087448589219
"120" 21 -1.40522826913893 0.663707096043811
"121" 21 -0.616433539234074 0.712309691591168
"122" 21 0.740991721600256 0.882557751912624
"123" 22 10.5198379737575 0
"124" 22 11.8618081889056 0.456151809610535
"125" 22 6.09393794644421 0.55308190811691
"126" 23 7.21587914693952 0
"127" 23 19.5391686158807 0.186039730687592
"128" 23 13.6987136675908 0.401130944269237
"129" 23 9.71444702859995 0.473833753732692
"130" 23 10.782962623962 0.504473128118541
"131" 24 3.09635352752861 0
"132" 24 15.6316680717472 0.212859712783052
"133" 24 9.82128786891687 0.381841297140911
"134" 24 4.57669205325545 0.422853480641141
"135" 24 7.18099393145937 0.480713505907931
"136" 24 4.71924134299322 0.488499467000043
"137" 24 2.23650424015529 0.506187452923495
"138" 25 7.34148226753065 0
"139" 25 17.9765053578692 0.293777148394421
"140" 25 11.0796879540816 0.439519079143697
"141" 25 -3.08996737091592 0.772727318722755
"142" 26 5.2652963345391 0
"143" 26 15.8185701757312 0.304455873244584
"144" 26 17.289050893109 0.320837768572676
"145" 26 5.54022935513486 0.545338798963954
"146" 26 5.88041187285376 0.555482751099441
"147" 26 -0.660737032481894 0.642759968781334
"148" 26 -1.43825817191964 0.724309719208091
"149" 27 8.90729090456514 0
"150" 27 15.0219535301025 0.102146623440604
"151" 27 16.2282768337832 0.164847568092524
"152" 27 9.77632535364221 0.480148456385464
"153" 27 3.23081487752477 0.573830888616711
"154" 28 11.0474701306314 0
"155" 28 21.0131429547128 0.206412280116383
"156" 28 7.99826044866133 0.565073579055208
"157" 28 10.6972574530741 0.571222891932854
"158" 28 3.05181663064585 0.780197547111045
"159" 28 4.03351303419032 0.853013270984985
"160" 29 8.05571464591541 0
"161" 29 23.8054841767418 0.243406366797478
"162" 29 24.0961424157931 0.259189942900152
"163" 29 18.7841433803345 0.320215653471368
"164" 29 14.9444614717959 0.454704654736998
"165" 29 5.7856133868754 0.602750801759909
"166" 29 1.98098210534805 0.762656121192069
"167" 30 11.2146545627797 0
"168" 30 22.1922482595283 0.246162944218465
"169" 30 17.7042757864479 0.329272164706434
"170" 30 16.1035909301772 0.421696269825959
"171" 30 12.8307330785461 0.499851013451739
"172" 30 3.39815254370947 0.566192040142773
"173" 30 3.36981332803339 0.666248822144109
