"id" "w_obs" "t_ij"
"1" 1 2.11500042175297 0
"2" 1 10.7565589127154 0.420224643522657
"3" 1 3.12011055305329 0.485853263058699
"4" 1 0.186172666879736 0.551457712235559
"5" 1 -4.462760702098 0.617800079768022
"6" 1 -6.11583625556702 0.627007200559177
"7" 2 14.5202908092345 0
"8" 2 20.3511992540596 0.224411812622341
"9" 2 17.3454448932976 0.284609593594644
"10" 2 8.90666705718019 0.524001722739789
"11" 3 4.60922906232906 0
"12" 3 7.99843259635286 0.461398402544839
"13" 3 10.4707763514592 0.475561514095247
"14" 3 5.11254641063485 0.481713691200225
"15" 3 -3.05430983632434 0.751166450845716
"16" 4 13.5954425752464 0
"17" 4 22.5456275096071 0.161534809885964
"18" 4 21.4692988508356 0.263787175379671
"19" 4 22.600658333605 0.31162393362468
"20" 4 24.6984670628135 0.323903966495119
"21" 4 3.4240993010689 0.682478446002451
"22" 5 5.57828699949733 0
"23" 5 14.9972431402765 0.223051205392844
"24" 5 16.9131010098104 0.276664936787818
"25" 5 17.9712237250998 0.327379053806207
"26" 5 13.0980116549881 0.358584511666523
"27" 5 10.9949278099515 0.457185586449679
"28" 5 4.14579220210945 0.540159211707059
"29" 6 8.98867136665887 0
"30" 6 22.7354143313201 0.253559692173869
"31" 6 17.9157291501101 0.385777745460153
"32" 6 14.9870448291874 0.437350883698335
"33" 6 5.24135565517818 0.629231780111673
"34" 6 3.55190430662684 0.662731879468939
"35" 6 3.32491246574233 0.702999772675389
"36" 6 3.8147526066713 0.847269358744619
"37" 7 7.13459538382012 0
"38" 7 14.0666361075783 0.373031076379821
"39" 7 10.4949534365348 0.440745426068849
"40" 7 5.74887276843533 0.494940954218483
"41" 7 5.60765793418979 0.545234172630224
"42" 7 -0.305517867270941 0.691909482944791
"43" 8 8.20793713138145 0
"44" 8 23.6874705049853 0.182681861738823
"45" 8 11.6745669689246 0.481168937026368
"46" 8 10.0895081373544 0.518240155655181
"47" 8 2.84757922640892 0.865918949095268
"48" 9 5.57190173741874 0
"49" 9 17.5519412926021 0.188507109241324
"50" 9 1.15364618240022 0.613402641171969
"51" 10 12.8828059839107 0
"52" 10 22.1829222285035 0.279771222813093
"53" 10 15.2423861334182 0.476231600836405
"54" 10 15.5044869716391 0.521328163298475
"55" 10 9.0308508389909 0.589299341753898
"56" 10 7.0024337472226 0.672868965145967
"57" 11 2.27756203673344 0
"58" 11 13.7803969620458 0.137746092761851
"59" 11 12.9332809018915 0.313228210834094
"60" 11 5.40427410164716 0.504287629395943
"61" 12 13.1943519311915 0
"62" 12 14.7941604487109 0.497525018369047
"63" 12 14.3540374211989 0.530735274659976
"64" 12 12.2507857553016 0.570281828184482
"65" 13 9.21669104673864 0
"66" 13 18.9623948474401 0.151572964932777
"67" 13 20.5534817133784 0.288500633278054
"68" 13 7.98191364245311 0.560725583420593
"69" 13 2.96472517205969 0.814766609313706
"70" 13 1.81282581105179 0.815195399967272
"71" 13 2.41768225824151 0.87197423643572
"72" 14 13.4011807689169 0
"73" 14 23.2970521004841 0.139176083530051
"74" 14 20.2860822528182 0.366948677765193
"75" 14 23.4271790106249 0.379771187642538
"76" 14 18.694404524656 0.391967067284437
"77" 14 18.5258020754501 0.424907313117475
"78" 14 -0.553611645740165 0.69501001596816
"79" 14 7.23457217332761 0.806052598674077
"80" 15 12.2349503901256 0
"81" 15 17.134479843421 0.436975071118489
"82" 15 8.60543692987937 0.543889276482987
"83" 15 9.27403577402089 0.605835173458828
"84" 16 9.66525907411074 0
"85" 16 19.86450063492 0.172986620029434
"86" 16 3.34669927451599 0.62466648058057
"87" 16 1.04415589744534 0.772923448522847
"88" 17 5.84488241473983 0
"89" 17 17.0058335075431 0.354237277367799
"90" 17 10.3578653395626 0.451014067070472
"91" 17 1.90253089397416 0.615597127346193
"92" 17 1.35899981759043 0.733995360653994
"93" 17 0.0249337625535921 0.750279024591728
"94" 18 12.8476470703888 0
"95" 18 19.7562198224106 0.387378783092659
"96" 18 7.79638325645747 0.528224904036656
"97" 18 2.77491267887646 0.613689254684428
"98" 18 2.18377692896806 0.626414426173324
"99" 18 -0.0107503976231652 0.767006077850273
"100" 18 -0.30267688815416 0.852761132115889
"101" 18 8.39105210813616 0.9754616431061
"102" 19 5.87787351477701 0
"103" 19 19.7749996174123 0.295601280326158
"104" 19 15.0306051843057 0.373441610656178
"105" 19 -5.68532322822428 0.714308126087825
"106" 19 -3.49860023841518 0.765160045773862
"107" 19 1.48838587469133 0.81880693251598
"108" 20 6.51600457803518 0
"109" 20 16.0005772443163 0.298137097065697
"110" 20 17.4427028482366 0.310886680037962
"111" 20 7.34307682992572 0.460299697405508
"112" 20 6.3868233194354 0.467197814988269
"113" 20 1.89748951409864 0.533522820176789
"114" 20 -4.60834524932376 0.662188362154429
"115" 21 11.6833761089766 0
"116" 21 20.4588566777392 0.387309508290918
"117" 21 19.8824108929612 0.394430243307854
"118" 21 16.8684624795467 0.441299180878964
"119" 21 14.8260318829677 0.502290993928294
"120" 21 9.78802623670259 0.528663848130669
"121" 21 7.72207231000059 0.609316765150922
"122" 21 0.893489366404502 0.760999551776323
"123" 22 14.3067300906152 0
"124" 22 16.9517308646468 0.46228160605404
"125" 22 14.9777184305796 0.475561108754217
"126" 23 14.4439255964355 0
"127" 23 22.9902781117902 0.236752628881444
"128" 23 19.5638773911902 0.486110908515372
"129" 23 10.0756955629129 0.540118958200314
"130" 23 5.65572912337839 0.65034608713124
"131" 24 11.5436859875108 0
"132" 24 19.8642872391721 0.293961480475574
"133" 24 13.7430644966273 0.420584077700153
"134" 24 13.0904950985409 0.481485362743256
"135" 24 7.24475434235562 0.52638685193812
"136" 24 3.3133576505654 0.588099520625171
"137" 24 1.52052378683885 0.78200905254726
"138" 25 12.8715956970216 0
"139" 25 20.5775706099851 0.399854120065643
"140" 25 14.7354535818575 0.454787286089276
"141" 25 13.3862221372361 0.478488762220086
"142" 26 11.6168152299671 0
"143" 26 15.8149428665118 0.126596202601187
"144" 26 18.9142348731906 0.302715063159293
"145" 26 8.73709650318654 0.522738752226639
"146" 26 8.96927184764799 0.526277867420919
"147" 26 4.11728219217658 0.546784706658013
"148" 26 2.31061828398119 0.675099153361749
"149" 27 13.4609687179615 0
"150" 27 20.3489963208748 0.284474097556692
"151" 27 10.2642070530929 0.513249110743215
"152" 27 3.01414110943376 0.662906413783397
"153" 27 -2.00730058877506 0.742661706762566
"154" 28 9.76730101731333 0
"155" 28 13.591087760923 0.397071597483783
"156" 28 6.76473601542106 0.494356108103475
"157" 28 8.22639816014117 0.508337510226914
"158" 28 1.40734256191514 0.638070700670593
"159" 28 -2.5406364810646 0.741637963647345
"160" 29 11.5000077512043 0
"161" 29 21.8595478292827 0.30222044589119
"162" 29 22.1922618645843 0.362897809823918
"163" 29 20.5244433363767 0.397936197592162
"164" 29 8.42361587239092 0.57659076165658
"165" 29 4.76426376725848 0.672277005520932
"166" 29 0.0268832204207189 0.793636924778183
"167" 30 6.61270871974741 0
"168" 30 18.9020754816939 0.181729725551287
"169" 30 17.5756690448638 0.277154509174821
"170" 30 19.2798638938744 0.331467208749284
"171" 30 19.1919449481766 0.337412606270319
"172" 30 14.1681909212821 0.41320630786416
"173" 30 1.47784661112289 0.829056334397204
