"id" "w_obs" "t_ij"
"1" 1 5.9720189279044 0
"2" 1 8.31128329631641 0.463297234423981
"3" 1 4.08486556527959 0.547991487274584
"4" 1 2.99364079155338 0.555904956873506
"5" 1 2.89619978144327 0.57849295635142
"6" 1 -0.266980845983217 0.785042829061596
"7" 2 10.3516537364524 0
"8" 2 19.970103236259 0.3671886901367
"9" 2 15.2704009772177 0.435822373514979
"10" 2 3.30701476728569 0.625207654195934
"11" 3 10.9576787278494 0
"12" 3 20.9437693297751 0.213786958232663
"13" 3 16.1422572731759 0.374125112070672
"14" 3 4.94617431609955 0.670280513973976
"15" 3 -2.00970030712166 0.745394083386143
"16" 4 6.85370515230768 0
"17" 4 18.3225944113773 0.300314787088135
"18" 4 6.16724732684785 0.495222965156228
"19" 4 3.49858704956063 0.607671084081954
"20" 4 1.67765822796766 0.661830701850575
"21" 4 1.22048850676997 0.864153453154157
"22" 5 9.32182960725007 0
"23" 5 17.8500293591088 0.288232694437672
"24" 5 11.9533375908573 0.388510935860734
"25" 5 9.51148679488345 0.463198836775448
"26" 5 -1.87110388693491 0.644668080091867
"27" 5 -2.81751599938864 0.665141426252515
"28" 5 -0.812920061886168 0.703261729586582
"29" 6 5.81657165743539 0
"30" 6 16.288587539211 0.134260584003133
"31" 6 13.0404975450169 0.395313844792999
"32" 6 11.4354201353697 0.427810583055068
"33" 6 7.16488612628602 0.467455800947647
"34" 6 9.54949666547251 0.477953293997582
"35" 6 3.76307608772677 0.543665126521199
"36" 6 0.486087806627769 0.63296864550999
"37" 7 7.47747709047625 0
"38" 7 18.4660394479193 0.27637837785773
"39" 7 13.4943604385646 0.419851056417312
"40" 7 12.5257723398916 0.42220343885119
"41" 7 1.70534779264152 0.584587415811687
"42" 7 -3.31092427859375 0.792642217578985
"43" 8 10.2965870412755 0
"44" 8 18.9861470895089 0.336072189973762
"45" 8 13.2409031706176 0.419093633122797
"46" 8 7.80486333037212 0.454112920131489
"47" 8 -3.06134231537341 0.702704073760155
"48" 9 14.3406563906593 0
"49" 9 22.8664249637603 0.260762583526455
"50" 9 22.2886004783644 0.315928048123317
"51" 10 13.2592298093726 0
"52" 10 21.3963116972284 0.211770054725092
"53" 10 17.9679665388579 0.222075900553331
"54" 10 14.0167042611942 0.487662754972159
"55" 10 5.16586857021417 0.552868455664722
"56" 10 -1.11719884660905 0.774444990004741
"57" 11 9.88273114450384 0
"58" 11 2.08204411916356 0.578753268515975
"59" 11 2.4577199456885 0.599605792823326
"60" 11 2.6737162735866 0.653052211034021
"61" 12 9.24189291082089 0
"62" 12 20.9186489304147 0.262232231206807
"63" 12 23.6372311876225 0.287038512346332
"64" 12 5.0167989783117 0.683290573097496
"65" 13 11.6328796298336 0
"66" 13 17.6941008291108 0.383853657071726
"67" 13 11.5758234197449 0.50234182052705
"68" 13 11.3653793034523 0.525051164676971
"69" 13 3.24072028623586 0.6446633026175
"70" 13 2.06162383193246 0.651762969800534
"71" 13 1.90798804251047 0.653616262253259
"72" 14 13.1975192837316 0
"73" 14 20.141968910756 0.135654868784792
"74" 14 17.9454080758687 0.338367474282528
"75" 14 17.7740959706924 0.393664510259709
"76" 14 6.98229566008507 0.59389932255338
"77" 14 6.70076312045355 0.610238189970076
"78" 14 1.33688736082611 0.708305766849619
"79" 14 5.79740330460687 0.868032665268913
"80" 15 10.1755831877002 0
"81" 15 9.08807539460584 0.472597816117383
"82" 15 6.14813264334175 0.562621843229313
"83" 15 -0.584349522875362 0.726119200336378
"84" 16 9.55432104842074 0
"85" 16 18.6411979563094 0.193062243065273
"86" 16 18.2893269079549 0.35771004750777
"87" 16 9.67932498076512 0.526386326510277
"88" 17 12.8557588452604 0
"89" 17 22.7188430281612 0.124945351341855
"90" 17 28.1323375796835 0.236939906971748
"91" 17 21.2407181634553 0.428313485925192
"92" 17 17.4686804835513 0.467400775822582
"93" 17 13.4438767869056 0.572440764852005
"94" 18 7.21377665278225 0
"95" 18 16.0437198223252 0.0959022596891825
"96" 18 16.2045477355302 0.219866873525574
"97" 18 16.2181695577033 0.355756171611187
"98" 18 11.9998790699647 0.382613733629394
"99" 18 12.950729221759 0.414514921421137
"100" 18 8.93087563400772 0.485394008583806
"101" 18 4.81355394329286 0.512318365240796
"102" 19 8.29667126655215 0
"103" 19 17.4067888213705 0.336130819407946
"104" 19 9.36768808503831 0.435564762930476
"105" 19 10.8250944465767 0.461953071772037
"106" 19 1.43719521425402 0.592040598941255
"107" 19 -0.942862721460235 0.673057786040953
"108" 20 13.4496321606691 0
"109" 20 18.9274200792456 0.35444029215066
"110" 20 9.07756624105997 0.5129815056256
"111" 20 9.58722967353108 0.563872031115653
"112" 20 5.95711151528363 0.646074122727625
"113" 20 -1.74644968481358 0.709741751987731
"114" 20 5.8837828548679 0.922298678829798
"115" 21 12.6744819624125 0
"116" 21 20.3860117385783 0.0916652407871627
"117" 21 23.4135652434866 0.177262884025516
"118" 21 20.2729700128384 0.387060516851501
"119" 21 20.3983578997135 0.396249266080011
"120" 21 18.4944990294183 0.443071016053311
"121" 21 16.045893811396 0.463453732108155
"122" 21 12.958810531294 0.518256569850011
"123" 22 17.4968606344932 0
"124" 22 22.5027438244819 0.271438205834326
"125" 22 7.53202202373695 0.875216295419183
"126" 23 7.09700080336428 0
"127" 23 16.9149006019658 0.0721475092527497
"128" 23 17.3683542200975 0.378338046022624
"129" 23 13.6494294026175 0.42433843865813
"130" 23 1.53600161484536 0.6891161397848
"131" 24 12.4858329269178 0
"132" 24 17.1767801239394 0.16157029798896
"133" 24 20.9247125466593 0.247145248929403
"134" 24 16.3977319295571 0.427146716382296
"135" 24 12.7805497995329 0.456829669748459
"136" 24 15.5813890277923 0.474077683096225
"137" 24 2.5981612801622 0.628737197800795
"138" 25 8.58343851119442 0
"139" 25 18.1146772212046 0.174342566130253
"140" 25 16.1618837651298 0.413255508295149
"141" 25 2.87368732722093 0.831315932564576
"142" 26 12.5907411068117 0
"143" 26 22.7552786479848 0.246751972205167
"144" 26 24.9972123951525 0.257165955034825
"145" 26 15.9418653040948 0.432358588138928
"146" 26 6.11585633702126 0.610417108018128
"147" 26 6.25833871712043 0.621043895291117
"148" 26 0.524123041499062 0.630340501133292
"149" 27 8.26807180522921 0
"150" 27 20.827681191359 0.202738619043931
"151" 27 17.6493453639189 0.35360242397548
"152" 27 17.714015180601 0.387007547247311
"153" 27 7.06500964767933 0.556671205406233
"154" 28 8.76665539002665 0
"155" 28 17.6526684112618 0.168169715547084
"156" 28 15.8274941967512 0.290777755025109
"157" 28 13.2085960834666 0.41054530618341
"158" 28 6.7683827873021 0.570672578034625
"159" 28 0.996883770049681 0.648793877994969
"160" 29 5.85126256787881 0
"161" 29 14.9097622770013 0.345825522843453
"162" 29 13.9300786623225 0.34650453095468
"163" 29 15.7416228543649 0.346941131659576
"164" 29 9.80895205468578 0.444865398240481
"165" 29 10.2354778463642 0.450105316937881
"166" 29 0.0213929398473525 0.597171940729866
"167" 30 7.66935301051065 0
"168" 30 17.6368510609908 0.205927249866255
"169" 30 14.8581124896933 0.379874874410097
"170" 30 6.01574193090749 0.485649395391024
"171" 30 9.38231443991904 0.51891302836168
"172" 30 3.61705363802324 0.548503009279696
"173" 30 2.17022178252316 0.568745581498514
