"id" "w_obs" "t_ij"
"1" 1 7.35951351402298 0
"2" 1 16.5081502728482 0.0598450908079026
"3" 1 18.8462100023006 0.256171096728296
"4" 1 11.8137463422633 0.46780858812869
"5" 1 -1.50161017349738 0.738708906708426
"6" 1 -1.16078666298343 0.844940025946019
"7" 2 15.1439136918464 0
"8" 2 20.4699259658303 0.361260675204886
"9" 2 8.17505086685151 0.594536453779683
"10" 2 4.61945612129387 0.625600328286052
"11" 3 7.54053110993462 0
"12" 3 1.95319391101243 0.576480274220667
"13" 3 -2.41198146418188 0.697590952461361
"14" 3 1.11847575201565 0.88570568899701
"15" 3 6.81322882521758 0.979194793777447
"16" 4 10.579403237358 0
"17" 4 17.5733827882578 0.232896212901439
"18" 4 19.0559849677577 0.265434611725012
"19" 4 17.9375301429053 0.322387108755485
"20" 4 7.52654622797559 0.526306417279285
"21" 4 3.29127708834046 0.608273508174845
"22" 5 12.0344488067047 0
"23" 5 16.6744690642117 0.394758497566037
"24" 5 17.6334515091042 0.433576822428425
"25" 5 14.0892242389595 0.455627355447683
"26" 5 6.39632908926294 0.585746391718466
"27" 5 5.78570503383359 0.59518596178577
"28" 5 4.65183702502979 0.602056083965578
"29" 6 13.0110739864247 0
"30" 6 21.5703181654661 0.314248689732034
"31" 6 19.460904112979 0.349520850773684
"32" 6 19.3176407531231 0.386083723451027
"33" 6 15.1332837544803 0.512654223203893
"34" 6 10.7755967258702 0.556237802245631
"35" 6 5.36075165484561 0.612628884334913
"36" 6 6.72707904866706 0.874153017196206
"37" 7 12.1916824847248 0
"38" 7 21.3549383856739 0.217862644684629
"39" 7 17.3417896448865 0.369184709263816
"40" 7 17.2221162640227 0.396159689614326
"41" 7 13.5000312095146 0.423451069083911
"42" 7 6.6507622891998 0.555185296454335
"43" 8 10.6692359664239 0
"44" 8 21.09742799451 0.191406352517523
"45" 8 14.312894865304 0.456586153873925
"46" 8 11.0213171653968 0.560232242604665
"47" 8 10.9271506999745 0.573044444233203
"48" 9 8.8585376442884 0
"49" 9 16.6186686371083 0.285961116158707
"50" 9 -0.52994175613064 0.632013217036942
"51" 10 8.78491510357762 0
"52" 10 20.2630055378838 0.317030029743795
"53" 10 19.7345176224604 0.323940597912052
"54" 10 9.98283680531081 0.499652242033701
"55" 10 2.36425667578998 0.645238603619643
"56" 10 -0.207244108836521 0.657934899267
"57" 11 14.5866457102293 0
"58" 11 23.9576572576347 0.122251888331715
"59" 11 17.1957944293161 0.447596305402262
"60" 11 2.42933089165611 0.64414337866521
"61" 12 9.09765776944819 0
"62" 12 18.7766648973322 0.14592046156082
"63" 12 12.6016191294721 0.455454218964792
"64" 12 1.78216159648676 0.598239300506422
"65" 13 9.28942416236414 0
"66" 13 21.3462967006606 0.33537420048575
"67" 13 20.168265632111 0.390327458997696
"68" 13 16.2815890255946 0.405392902612017
"69" 13 11.460873899792 0.476012462700801
"70" 13 3.90962365529387 0.649767703773439
"71" 13 0.214689520527066 0.716394207672802
"72" 14 7.25795394534774 0
"73" 14 16.2597490524693 0.18994390962764
"74" 14 6.55827244793009 0.50241843351927
"75" 14 0.602500491136475 0.636700585184125
"76" 14 0.452216905213541 0.637386839821657
"77" 14 -1.88371906460189 0.655132371375789
"78" 14 -2.98882645830875 0.710247475142321
"79" 14 -0.941637289403095 0.783861028071132
"80" 15 11.9010817788302 0
"81" 15 18.5563455475411 0.313802677291326
"82" 15 6.38976616871043 0.596305106625025
"83" 15 4.85638178115095 0.683231136845556
"84" 16 8.99506203763079 0
"85" 16 16.9242670074894 0.186016072426184
"86" 16 16.000354244354 0.266821580337487
"87" 16 -3.50787364384998 0.692468478973115
"88" 17 11.4448422488295 0
"89" 17 18.2899885508244 0.116562747224698
"90" 17 19.3070007920927 0.407182816154709
"91" 17 17.890695961753 0.441064652215361
"92" 17 15.4195833217788 0.456247104493775
"93" 17 4.7892140669991 0.831496452536728
"94" 18 13.2122249263067 0
"95" 18 9.64782563018306 0.0393515804311125
"96" 18 17.4269120823535 0.108711777823541
"97" 18 19.4346477924836 0.147797344659272
"98" 18 16.9268407232405 0.381975178970307
"99" 18 8.28835631379384 0.51610708355718
"100" 18 10.3302551096913 0.541100268977381
"101" 18 8.8321076371311 0.542601853166225
"102" 19 7.54058437773189 0
"103" 19 14.0850223716208 0.191062871565305
"104" 19 19.8138056619074 0.269460234828251
"105" 19 13.1434627615509 0.427491361040606
"106" 19 3.58929947202139 0.540820651050496
"107" 19 -1.02945255683727 0.798739673252018
"108" 20 10.8806473691194 0
"109" 20 21.0334898421792 0.195461541360179
"110" 20 23.330194059867 0.215928850546222
"111" 20 15.1208000500851 0.461944983166773
"112" 20 10.806528937477 0.516707888274093
"113" 20 6.4952267515164 0.600180748643704
"114" 20 4.84880332207826 0.60832812759483
"115" 21 16.9974744268771 0
"116" 21 26.4693175477279 0.278635303451067
"117" 21 19.232506067521 0.348549404672297
"118" 21 17.5522621743774 0.446824904434689
"119" 21 10.3532944215364 0.580533838157086
"120" 21 7.35736788673966 0.595199363883269
"121" 21 9.06954237877993 0.613789775519384
"122" 21 3.99701345202711 0.673071424927966
"123" 22 10.841261835276 0
"124" 22 8.64231757572131 0.488994459576289
"125" 22 -1.32451759499924 0.730792756053836
"126" 23 11.1707578000444 0
"127" 23 20.6058957230031 0.164440915500571
"128" 23 13.9028451041065 0.436101007383182
"129" 23 13.4185375426703 0.467015561809707
"130" 23 -1.02278335531182 0.735084021090129
"131" 24 12.9818809061316 0
"132" 24 17.298605022749 0.434283134741906
"133" 24 6.46983809599551 0.553433588128836
"134" 24 3.78485688109049 0.578821521146233
"135" 24 2.52215300945344 0.667897975997759
"136" 24 4.9211463206377 0.708603977810207
"137" 24 3.66015090012667 0.837180274426311
"138" 25 7.04800238931554 0
"139" 25 18.9854164560984 0.231237433536763
"140" 25 18.6310057289791 0.242558569604634
"141" 25 11.5572917269054 0.41351370904806
"142" 26 10.6232278092704 0
"143" 26 18.2872983924281 0.29721012026357
"144" 26 16.7388987277305 0.387162448774154
"145" 26 13.1905558554196 0.464561503332408
"146" 26 10.2133542633612 0.474751222208701
"147" 26 10.0789529047825 0.478815473996036
"148" 26 9.54789705552347 0.500719397407452
"149" 27 14.0749281462397 0
"150" 27 25.2173568366916 0.362794286463474
"151" 27 17.8566759849574 0.415353020864793
"152" 27 2.69867067696902 0.687478097551218
"153" 27 4.47725687426877 0.728344831903382
"154" 28 9.46850563806113 0
"155" 28 18.631820728272 0.240618404105913
"156" 28 20.0632075515413 0.276669559246332
"157" 28 22.1403893811743 0.316073467259808
"158" 28 17.2151070993446 0.323420573395593
"159" 28 18.5919956885635 0.326084611993092
"160" 29 12.1004979353845 0
"161" 29 21.1211760086556 0.289203167662938
"162" 29 18.3980854313259 0.348939155256079
"163" 29 14.5482765938088 0.404284782274948
"164" 29 8.2126679362346 0.468466998261304
"165" 29 5.32743368293267 0.545313298518951
"166" 29 -0.333336633098256 0.598408399327476
"167" 30 8.06546192697755 0
"168" 30 15.9241587375619 0.387463735620285
"169" 30 6.74893243813462 0.496580156467142
"170" 30 -0.409475087108142 0.605640412441693
"171" 30 1.67208314107541 0.638913515145239
"172" 30 -0.298371680350881 0.6835017211988
"173" 30 -0.806229432070051 0.872165443993313
