"id" "w_obs" "t_ij"
"1" 1 10.3352617643669 0
"2" 1 18.5219156600165 0.357877547531838
"3" 1 16.879941910383 0.422869963941973
"4" 1 14.8652619584977 0.459320620981239
"5" 1 6.33389539561786 0.664538565581166
"6" 1 1.44276409311699 0.844977063665356
"7" 2 4.8910939228455 0
"8" 2 17.019295994398 0.114870793964331
"9" 2 19.555664315491 0.260811121689059
"10" 2 -1.02863950659253 0.677391585032995
"11" 3 12.9683586264895 0
"12" 3 20.1036480007174 0.171783699427188
"13" 3 17.8101627330606 0.369591920201588
"14" 3 6.90468057538363 0.53505936187487
"15" 3 9.10964038072315 0.561175433269092
"16" 4 11.0106574201306 0
"17" 4 20.4233780550272 0.163916696168403
"18" 4 22.4501211688484 0.330052035782165
"19" 4 18.91781283513 0.450662503713828
"20" 4 12.5628515213466 0.462885720332071
"21" 4 9.83527890012446 0.562353982401003
"22" 5 15.4397954198994 0
"23" 5 23.2544092253152 0.328443813960428
"24" 5 12.9409885910116 0.430563967206349
"25" 5 12.5185126659647 0.475919431339954
"26" 5 9.9420797883805 0.482106807110853
"27" 5 4.96637803555007 0.6146140105625
"28" 5 1.1675148508395 0.799930485669574
"29" 6 11.1476787802608 0
"30" 6 21.0223907767123 0.300831104839959
"31" 6 8.65234232258867 0.494168827169605
"32" 6 8.48143717176331 0.529109757180444
"33" 6 5.50112315789459 0.594978223794908
"34" 6 1.88833840206914 0.700637717738961
"35" 6 -0.333446395470257 0.701728793106884
"36" 6 0.486621642906889 0.844830179874049
"37" 7 7.73404787201662 0
"38" 7 16.5235450476939 0.203291875730662
"39" 7 15.9045467458177 0.232150430246702
"40" 7 16.8697264603019 0.267244365720949
"41" 7 0.0615999775070257 0.730522349911923
"42" 7 -0.609189399928249 0.900345825105954
"43" 8 10.0964664062784 0
"44" 8 18.3279050946904 0.170545581045705
"45" 8 5.2884596005095 0.666271784546473
"46" 8 -0.366413548907866 0.712846219148837
"47" 8 -0.476042384420074 0.751235493775741
"48" 9 11.0338902599353 0
"49" 9 18.0101310277578 0.423927451114159
"50" 9 4.37499896170781 0.738660148181776
"51" 10 4.5992429104582 0
"52" 10 16.1042066358173 0.166046154846057
"53" 10 16.4632963705657 0.22156915025938
"54" 10 7.08198330199221 0.499110954612656
"55" 10 -3.1888696715718 0.664980829589204
"56" 10 -6.65210293903927 0.789162736039137
"57" 11 12.9715086203451 0
"58" 11 10.3154129262838 0.58476488464
"59" 11 -1.95472953368257 0.766726127790258
"60" 11 4.47231929058186 0.891564163466653
"61" 12 7.4272465026796 0
"62" 12 21.7141498768267 0.230832674061598
"63" 12 20.2568572870225 0.235772858655358
"64" 12 2.80424080021044 0.597896773166498
"65" 13 9.20390300705925 0
"66" 13 16.3011881978185 0.326278392169515
"67" 13 17.8057336741057 0.354321427538214
"68" 13 12.6752793751321 0.447240618144392
"69" 13 7.70691787963736 0.521502837327484
"70" 13 -0.344370088410204 0.683784300232456
"71" 13 -0.00370604284942422 0.823650061858688
"72" 14 5.97486145588686 0
"73" 14 14.3455725707606 0.338156476053322
"74" 14 17.3220768806738 0.341147816993785
"75" 14 14.4565694177249 0.358812142541745
"76" 14 2.09857228760354 0.54768130813829
"77" 14 0.471228178962137 0.643557184957518
"78" 14 -1.12971911576945 0.795791728984871
"79" 14 -4.94613193133375 0.810483921884435
"80" 15 6.72804391681832 0
"81" 15 11.7752797349042 0.124033928458124
"82" 15 16.1918407371958 0.368129782731463
"83" 15 10.7338068178465 0.423381494919445
"84" 16 10.9968761391485 0
"85" 16 21.1605713687312 0.301724430696004
"86" 16 9.876405343451 0.587876210987088
"87" 16 3.44894102101474 0.815518293397706
"88" 17 5.02459614989612 0
"89" 17 12.8973140362206 0.223943243819869
"90" 17 15.1404282863236 0.252412133891263
"91" 17 9.70754299467445 0.433446082677794
"92" 17 7.23679144384024 0.501147717087436
"93" 17 -5.23440852945873 0.731930898383648
"94" 18 10.3426905609014 0
"95" 18 17.750586794257 0.223658833300508
"96" 18 14.8704596090668 0.422870472026074
"97" 18 13.6352659325159 0.45258833956468
"98" 18 15.1454056332051 0.463465600485255
"99" 18 11.0806599325595 0.492580880025704
"100" 18 7.75150665903641 0.52765666937391
"101" 18 3.26932678807941 0.654267530482889
"102" 19 8.33418859956392 0
"103" 19 19.0534030949407 0.209500936379362
"104" 19 16.2208175282852 0.261808634882636
"105" 19 10.1385666081477 0.437214633250605
"106" 19 9.19652071136043 0.45355710892166
"107" 19 -2.56919946729839 0.82938146726414
"108" 20 10.2945535204326 0
"109" 20 19.6831425071912 0.241619154360805
"110" 20 18.0597272989547 0.319654374930901
"111" 20 13.8089707472572 0.380997381540372
"112" 20 7.17064261659427 0.511692137134032
"113" 20 0.745955104007036 0.609178889794201
"114" 20 2.57512466551426 0.613787041250177
"115" 21 12.141584041363 0
"116" 21 17.0182529922692 0.112386778245975
"117" 21 22.6253886380604 0.21245863138907
"118" 21 14.9911273766373 0.435696297607417
"119" 21 11.0555365179462 0.527472235483838
"120" 21 10.3332273287528 0.531637264543815
"121" 21 5.88759815785304 0.573492501366039
"122" 21 8.4768726155702 0.972442838536123
"123" 22 10.681842900836 0
"124" 22 17.9929507617786 0.455685109849734
"125" 22 14.3450124804974 0.469260904851476
"126" 23 12.4933541473155 0
"127" 23 16.8253877152815 0.457456113438691
"128" 23 15.2252785875385 0.464950684783702
"129" 23 11.8004912857929 0.516978614611499
"130" 23 6.41347239231131 0.598060696392975
"131" 24 10.10190690998 0
"132" 24 21.0706956147758 0.29920609676731
"133" 24 20.6981537923608 0.330333385440924
"134" 24 19.3952292969095 0.35647272550296
"135" 24 12.7528013598968 0.407632321308033
"136" 24 7.86826400861622 0.510789513921268
"137" 24 3.08524583493778 0.629872405944462
"138" 25 13.5198965280409 0
"139" 25 13.0800462381619 0.525097210094727
"140" 25 1.12013423132814 0.652454915055889
"141" 25 1.14389196907111 0.795977779922022
"142" 26 11.532159060397 0
"143" 26 17.5166495659728 0.0943989085919039
"144" 26 13.303281937024 0.434816183875004
"145" 26 2.86662311360219 0.680308384570536
"146" 26 2.10449182071662 0.694167382661043
"147" 26 -0.285112124824114 0.719519902691198
"148" 26 0.09640504887062 0.759956083220359
"149" 27 10.9369876104576 0
"150" 27 20.1369933223561 0.374474533350212
"151" 27 13.948190741093 0.415282595373573
"152" 27 14.2813486864022 0.454390700072457
"153" 27 13.6642054991347 0.466576020996686
"154" 28 8.19413511871811 0
"155" 28 20.2009549626374 0.185025615586146
"156" 28 19.2585964476366 0.268214783156008
"157" 28 17.6898976192684 0.376100830473221
"158" 28 2.59575867973947 0.640992886896995
"159" 28 5.50346304676022 0.644021131757025
"160" 29 12.6932261212765 0
"161" 29 15.7180359668981 0.114277619646761
"162" 29 16.8626942476151 0.178345801747756
"163" 29 11.2512039607873 0.497127516010199
"164" 29 8.1102581644854 0.511862251421685
"165" 29 3.9429796971538 0.6232446712567
"166" 29 3.23816779671163 0.709828075019907
"167" 30 10.3574300355339 0
"168" 30 20.51952218703 0.25192123179949
"169" 30 22.5397292594376 0.281362725955888
"170" 30 18.2364882134235 0.307298092926431
"171" 30 15.6560193494915 0.418978600475887
"172" 30 11.1788235159179 0.524002814855271
"173" 30 3.05328376556829 0.643198479396771
