"id" "w_obs" "t_ij"
"1" 1 11.0501893822089 0
"2" 1 15.931469051849 0.420604088397739
"3" 1 15.3612143031851 0.434266832133385
"4" 1 13.8861341659895 0.48009370021538
"5" 1 5.17907811001228 0.525106473916616
"6" 1 4.93921185707185 0.564891118725111
"7" 2 10.4342366250846 0
"8" 2 21.5665067462673 0.184759662330513
"9" 2 12.8409683701815 0.494856252165734
"10" 2 4.85899768671492 0.644406593033414
"11" 3 8.66706650762186 0
"12" 3 17.6244507838481 0.309658797208183
"13" 3 0.348369681028337 0.709496351312748
"14" 3 -1.92559232877888 0.759281873425616
"15" 3 0.926046323072066 0.866411193716247
"16" 4 9.51597655950592 0
"17" 4 22.6475735826013 0.235662713360442
"18" 4 17.6552804793606 0.296112977013576
"19" 4 21.3059111064231 0.3190242244059
"20" 4 16.3536891001705 0.438496283246356
"21" 4 14.4995324225846 0.471954352979961
"22" 5 12.4286165299733 0
"23" 5 22.604282764596 0.18506311868484
"24" 5 22.2119882286729 0.206032990155416
"25" 5 17.2233179763339 0.42972447482344
"26" 5 15.7353564121771 0.431131160882542
"27" 5 5.09606735004973 0.531227047660049
"28" 5 6.23801817149359 0.65870860528797
"29" 6 8.48865987739095 0
"30" 6 18.2190430972325 0.161308633517992
"31" 6 17.5347041588123 0.178843127881689
"32" 6 17.5384582025904 0.329053592037187
"33" 6 13.9894533618168 0.414673860106319
"34" 6 8.966262612823 0.433453510824271
"35" 6 3.32863198609283 0.555355016122271
"36" 6 -2.63682183884472 0.682690087218541
"37" 7 12.9500604250735 0
"38" 7 22.4069658132657 0.27637128518588
"39" 7 20.605780939542 0.3258696640412
"40" 7 13.9540500729746 0.469683671482501
"41" 7 4.3781954248011 0.6396468382242
"42" 7 1.23317684104552 0.683635634495083
"43" 8 9.88731494092051 0
"44" 8 18.0753900996734 0.286161340773969
"45" 8 14.2330921067404 0.414372380311962
"46" 8 12.6537444625379 0.482540622272972
"47" 8 10.3618850752059 0.543127345277129
"48" 9 12.9539161515013 0
"49" 9 17.7152391526305 0.216830500560676
"50" 9 18.5027642353499 0.303916051709915
"51" 10 12.7245423540544 0
"52" 10 19.6592775096389 0.167703392186825
"53" 10 19.8829474121266 0.239346214711268
"54" 10 24.7297401162235 0.310613551633889
"55" 10 23.1758052807265 0.34778599271834
"56" 10 7.17458166288482 0.55218274955584
"57" 11 8.15189430683902 0
"58" 11 13.4317317304702 0.435535768557686
"59" 11 0.0660964021571626 0.685203982167479
"60" 11 -1.89310719734438 0.830063930585686
"61" 12 8.23103483542472 0
"62" 12 17.3011465247669 0.32186448560907
"63" 12 11.7810582924753 0.434179605079917
"64" 12 1.33834765341845 0.866213419181861
"65" 13 4.87325227702815 0
"66" 13 14.413574832332 0.202663890778231
"67" 13 13.6703113355288 0.320386096061598
"68" 13 12.7795191406517 0.357459857830824
"69" 13 12.2349244380152 0.385543146940345
"70" 13 -0.287394602962054 0.629676285976812
"71" 13 -3.11686617091301 0.64523136661659
"72" 14 12.7283241685372 0
"73" 14 21.5471048303626 0.238018273900992
"74" 14 22.7433964777327 0.351530532259872
"75" 14 13.9732710368222 0.51205700947272
"76" 14 7.84532795539168 0.564125997555892
"77" 14 7.7998471012598 0.566279779817928
"78" 14 4.45176318150818 0.624812711379375
"79" 14 4.90605139941075 0.724864264843011
"80" 15 14.0105483241396 0
"81" 15 10.5505740501953 0.467862446425494
"82" 15 9.27920003940974 0.554212945414067
"83" 15 -1.09190372062484 0.748010800413133
"84" 16 6.86948623615075 0
"85" 16 14.6698399857248 0.382510674520213
"86" 16 2.6462048001029 0.560026520275951
"87" 16 0.96099506596712 0.627569561733942
"88" 17 6.95845787200789 0
"89" 17 19.0798083083815 0.258746390982208
"90" 17 19.1694836934162 0.30985520453753
"91" 17 6.90138274401887 0.505097313672008
"92" 17 8.16798523326915 0.50677640138179
"93" 17 7.1948031270365 0.553052049083905
"94" 18 14.719106570543 0
"95" 18 24.217177013726 0.286826653902761
"96" 18 8.81714598846236 0.556066804690724
"97" 18 1.20490514529699 0.654815439218508
"98" 18 0.309747124124343 0.664946263497992
"99" 18 1.61943881897564 0.681742923625837
"100" 18 3.0754383763919 0.684974459113023
"101" 18 3.53594672465728 0.804448645217876
"102" 19 10.8088554592674 0
"103" 19 20.2543369791074 0.218654659665327
"104" 19 9.63664918639942 0.519187886820583
"105" 19 5.50632706437753 0.557124250175771
"106" 19 2.20167747814416 0.622887986754809
"107" 19 2.42560602791248 0.678767871259875
"108" 20 10.5621295278917 0
"109" 20 18.8103526083643 0.334026097648731
"110" 20 15.4305766134722 0.421446637741516
"111" 20 8.91633624452168 0.561457489165492
"112" 20 3.42950526723162 0.589054002065366
"113" 20 1.81349953454938 0.607838888706056
"114" 20 2.60022429453208 0.633030148984066
"115" 21 6.15548408200951 0
"116" 21 11.9509025413833 0.39626358588894
"117" 21 12.5145515159836 0.429053499732892
"118" 21 5.5970398999222 0.591399437214526
"119" 21 1.13005704376038 0.600864353470833
"120" 21 3.1027813445403 0.622486405422874
"121" 21 -0.440650683288717 0.740014714216834
"122" 21 -2.27100707261953 0.751528462413774
"123" 22 13.1193982413822 0
"124" 22 8.31905751221421 0.535659446416984
"125" 22 6.45164545532082 0.641198293756376
"126" 23 9.28195046084764 0
"127" 23 20.7696531256838 0.28712147542569
"128" 23 15.9698605757113 0.406023975844162
"129" 23 10.0833770453199 0.499024611999597
"130" 23 2.66760786132562 0.65911109695817
"131" 24 12.0117505480422 0
"132" 24 20.3636514087808 0.237608875223132
"133" 24 6.03081796338817 0.557906777510264
"134" 24 3.26014749862112 0.561791914792713
"135" 24 -0.781811317918891 0.676096349533986
"136" 24 -1.48473655552513 0.690143434464953
"137" 24 -0.968045191684152 0.776581985320829
"138" 25 10.7700566488019 0
"139" 25 14.7245146389581 0.376525455433875
"140" 25 14.8738051084631 0.453505048206744
"141" 25 1.57853138094739 0.650978324551785
"142" 26 11.2330881490421 0
"143" 26 16.2322985780232 0.368096014841391
"144" 26 17.26154624813 0.398697408338889
"145" 26 17.0248925832315 0.430428973214114
"146" 26 11.6862000315052 0.504336990816977
"147" 26 9.73975552673412 0.542730869589775
"148" 26 3.52813016600538 0.659901040616242
"149" 27 12.5364231124534 0
"150" 27 15.6418301089964 0.457542597011823
"151" 27 12.6982640951534 0.534422581338864
"152" 27 5.0171299050568 0.589730784295202
"153" 27 2.42939011521871 0.687397810637502
"154" 28 7.86214517684408 0
"155" 28 4.16781340843166 0.579754994181235
"156" 28 -0.488577838453971 0.653291704487474
"157" 28 -0.201459122554098 0.659651591021682
"158" 28 -1.51060476851705 0.723245249893431
"159" 28 -1.2453512667845 0.791765919108518
"160" 29 6.48995225538784 0
"161" 29 18.4033422397368 0.222109433212673
"162" 29 16.0853832400498 0.279240914990395
"163" 29 2.14334262178565 0.59412844237729
"164" 29 -1.2368082660321 0.691447324418249
"165" 29 -3.32476346268892 0.701027543321925
"166" 29 -0.847528696163535 0.818198992570057
"167" 30 6.35992720748245 0
"168" 30 18.8554150777743 0.17415003979898
"169" 30 18.1820441940227 0.402374056634936
"170" 30 10.6325692283329 0.537843439296938
"171" 30 3.82244114873135 0.639772785843016
"172" 30 0.107878666069526 0.691459907012483
"173" 30 -1.64646459809198 0.732125488277461
