"id" "w_obs" "t_ij"
"1" 1 12.1304570479786 0
"2" 1 22.2268226827018 0.191329647141886
"3" 1 19.7830063435344 0.269579502133834
"4" 1 20.3351342422565 0.302572657507795
"5" 1 21.8435184140312 0.313893224153616
"6" 1 4.40844736903377 0.64645698604336
"7" 2 13.0269516890643 0
"8" 2 23.2491411853619 0.311141446438076
"9" 2 22.2481983255216 0.342752276902875
"10" 2 15.3354688537287 0.460801545302212
"11" 3 10.7215915854338 0
"12" 3 18.2047719211594 0.278544862395429
"13" 3 18.0221138210845 0.293280932930069
"14" 3 12.166490132048 0.449115549431171
"15" 3 -1.22735013627141 0.656999165575627
"16" 4 9.56024581298799 0
"17" 4 19.8654230602735 0.167752945733074
"18" 4 20.6228933387903 0.281745495229302
"19" 4 18.7914449531335 0.394631209062523
"20" 4 12.2716855952733 0.449548223523367
"21" 4 2.88045500563677 0.800460842190268
"22" 5 6.4952465271571 0
"23" 5 18.2992943480009 0.282497703859731
"24" 5 13.3120768249549 0.396062719033691
"25" 5 12.0247162875078 0.493279550619288
"26" 5 5.45850302410806 0.597330056326702
"27" 5 3.33716351851379 0.602458613453664
"28" 5 3.26661765550926 0.683415074920709
"29" 6 10.1378398435831 0
"30" 6 21.4505837078498 0.271045415319324
"31" 6 19.2312191935726 0.359601272072527
"32" 6 16.9138639241903 0.433803507299188
"33" 6 11.5327931692168 0.508300975917497
"34" 6 5.6009805555027 0.64034299151321
"35" 6 0.924934844174028 0.740752884735405
"36" 6 1.75390114866804 0.749016152375708
"37" 7 12.6025437050231 0
"38" 7 19.9312581516622 0.116398357372678
"39" 7 24.4176850353827 0.239008469806699
"40" 7 23.1568513690229 0.359611919025974
"41" 7 21.5332075117248 0.409949880409363
"42" 7 14.4000830843972 0.461561477654817
"43" 8 8.50011748197847 0
"44" 8 9.6243883830984 0.534282370616112
"45" 8 4.60436049976012 0.598793403915238
"46" 8 2.22155245786492 0.735821487315826
"47" 8 -0.300053296937358 0.798506122348844
"48" 9 6.74788318913112 0
"49" 9 7.13471220078485 0.498311987504117
"50" 9 -1.53396693371489 0.692137898944612
"51" 10 8.74295213746372 0
"52" 10 22.7091139816785 0.275377701464356
"53" 10 13.3657423746551 0.358701954729834
"54" 10 -2.04642802603399 0.683779528220645
"55" 10 -0.446575514873357 0.768463460153493
"56" 10 2.65568316395779 0.871353012847185
"57" 11 8.44528830991656 0
"58" 11 17.2379014808561 0.182637860534978
"59" 11 12.7648250804714 0.421667008089621
"60" 11 7.16748519965035 0.511608509138098
"61" 12 10.4378600998981 0
"62" 12 19.9102554446451 0.321063503687285
"63" 12 13.8679464581256 0.433245266732378
"64" 12 -0.344514984474459 0.707412565368849
"65" 13 6.31142492613898 0
"66" 13 15.9518284615268 0.350063473189185
"67" 13 13.2269980985218 0.480134601263547
"68" 13 10.959037589389 0.488642938585283
"69" 13 5.97155472111324 0.494778995057972
"70" 13 7.73129526911334 0.522867459254496
"71" 13 8.86829806562016 0.545569060918466
"72" 14 9.3198971746215 0
"73" 14 15.5840687857161 0.0844811026277253
"74" 14 17.8624494767953 0.245235828405748
"75" 14 14.8471915453137 0.357780830771808
"76" 14 9.3802377902194 0.453599826384092
"77" 14 5.17475904516299 0.557960624863995
"78" 14 2.63743407673452 0.608935462546066
"79" 14 2.28733363428404 0.875319502763555
"80" 15 10.1589691847006 0
"81" 15 18.1855241205991 0.400005488521382
"82" 15 13.4879972249377 0.445173636154385
"83" 15 9.02968599197871 0.597436465959723
"84" 16 7.26755535297102 0
"85" 16 15.8373478706194 0.399681030994528
"86" 16 4.30780518505779 0.598440547480034
"87" 16 2.32703453861208 0.639734475408273
"88" 17 7.22389747522225 0
"89" 17 17.3018459142077 0.235822628089006
"90" 17 17.0483963038163 0.274365568498365
"91" 17 15.8029192836027 0.320167558648699
"92" 17 14.3773031827162 0.368264165503924
"93" 17 2.32710548118926 0.542049644351423
"94" 18 7.09455929686404 0
"95" 18 19.8674845392141 0.157432428387727
"96" 18 19.9086208969425 0.310166970062937
"97" 18 20.1592429961918 0.316528895139258
"98" 18 10.2875206532227 0.506022076668181
"99" 18 5.66907781565442 0.547205887624076
"100" 18 5.09525602525446 0.554033348689808
"101" 18 1.6882887382085 0.873139778553407
"102" 19 9.60958926903148 0
"103" 19 19.1370885745591 0.350822196870938
"104" 19 13.4832942310385 0.449521930595083
"105" 19 6.97125609997287 0.543588018564927
"106" 19 4.71550728061031 0.544633722239867
"107" 19 3.75623333942519 0.675077730056245
"108" 20 12.5885452317133 0
"109" 20 22.7999713383835 0.259656814669876
"110" 20 13.8472175947225 0.466237406378529
"111" 20 12.3891902200212 0.503914320355169
"112" 20 10.6280718064003 0.509023213528333
"113" 20 12.4388345663527 0.580238273139948
"114" 20 3.21383729635768 0.680058043322897
"115" 21 10.1002081832598 0
"116" 21 15.9984170928984 0.233670054997208
"117" 21 17.6160440668904 0.242970977837849
"118" 21 12.7193732449375 0.376404087401508
"119" 21 17.45290381723 0.381240226915232
"120" 21 0.0685660407675144 0.648468080655812
"121" 21 -5.80902981086341 0.712165596244499
"122" 21 0.334076349311951 0.732686387844584
"123" 22 11.3379252920918 0
"124" 22 18.165615551346 0.177197931828054
"125" 22 17.1765327213833 0.316016289308513
"126" 23 9.44921265328038 0
"127" 23 16.0062736257967 0.422401203930172
"128" 23 5.44354451622228 0.621507164353574
"129" 23 2.44683045334712 0.76898071302114
"130" 23 5.35372012819568 0.860693337323767
"131" 24 7.7981689094049 0
"132" 24 14.966776030985 0.3540666769841
"133" 24 10.0658791964979 0.435793418228134
"134" 24 5.39302005570226 0.550844346873284
"135" 24 -3.87231527876877 0.71166694746079
"136" 24 -3.8556986238298 0.792431890419344
"137" 24 0.0679629852009993 0.829860526636513
"138" 25 8.59717818800655 0
"139" 25 18.2917175900708 0.138635653572506
"140" 25 8.45376949838201 0.517383289551861
"141" 25 6.48475959259523 0.550842426423494
"142" 26 8.54567965878152 0
"143" 26 16.9608580367179 0.226863024076332
"144" 26 18.3135580676402 0.228852172046538
"145" 26 15.3882136370607 0.336228002751066
"146" 26 13.4379399946863 0.418425074689945
"147" 26 4.50075426998062 0.5816558638517
"148" 26 2.69483335826601 0.607584409433898
"149" 27 16.0183668183467 0
"150" 27 22.116694753991 0.199845450173311
"151" 27 22.1099280073276 0.378418972637057
"152" 27 9.6282213471346 0.558166707888941
"153" 27 3.89612177822072 0.780256214356763
"154" 28 9.3407348304558 0
"155" 28 18.9632288695391 0.149101521260416
"156" 28 19.00004127632 0.211224100569331
"157" 28 10.8539704316443 0.500907308463267
"158" 28 8.66257070900135 0.515993451916276
"159" 28 3.0874253955927 0.568832069529999
"160" 29 3.05865185995086 0
"161" 29 12.4667581190968 0.251760603277771
"162" 29 11.6157305878074 0.350974946039377
"163" 29 7.71787942157729 0.385903575311889
"164" 29 -0.293103544418099 0.554286428815184
"165" 29 -1.11740672068153 0.564845037165532
"166" 29 -7.54878490066851 0.611771217355789
"167" 30 7.10420860521305 0
"168" 30 15.3521800591751 0.169053966521683
"169" 30 18.1912647708756 0.316051459198126
"170" 30 12.2847392611857 0.416067776513274
"171" 30 2.09301595341732 0.554658168450683
"172" 30 -1.69334127765485 0.650465346489086
"173" 30 -0.899542725661852 0.696832344355001
