"id" "w_obs" "t_ij"
"1" 1 13.6750368628989 0
"2" 1 20.9165779682169 0.134313512232338
"3" 1 18.3772079627807 0.293048680659464
"4" 1 21.251725957409 0.401485947558057
"5" 1 7.36823727235565 0.642422600209785
"6" 1 5.74786872155784 0.649637142594105
"7" 2 8.89331502987415 0
"8" 2 6.47070049932423 0.541088398321914
"9" 2 -2.78388861748673 0.799316567720922
"10" 2 -0.553175768325426 0.806204102329005
"11" 3 9.24028824032932 0
"12" 3 14.307187529053 0.372115970740662
"13" 3 12.5066041818111 0.431904159385465
"14" 3 6.90394130839457 0.555342917614215
"15" 3 2.715044011655 0.625980638518582
"16" 4 9.05627529710873 0
"17" 4 20.2390215541636 0.231401931043897
"18" 4 19.4572087136599 0.366885669234777
"19" 4 11.8334817723173 0.479513501077702
"20" 4 0.701571156189103 0.658026162396093
"21" 4 2.29952624527946 0.735716291654113
"22" 5 10.705859407333 0
"23" 5 20.2218982851677 0.333257056446156
"24" 5 18.0498099000949 0.335132386081624
"25" 5 6.67253945382077 0.526481152918662
"26" 5 5.76539555922135 0.540122133752486
"27" 5 6.05599795535326 0.585231141727551
"28" 5 2.17693422942279 0.794448600301507
"29" 6 6.90147222682449 0
"30" 6 9.99179847872104 0.368372918512147
"31" 6 11.1325512056315 0.372889466241231
"32" 6 10.8537169415058 0.407562945190553
"33" 6 6.22520465015859 0.498544868756737
"34" 6 4.44115813486719 0.515109393771017
"35" 6 0.581230912763073 0.594039588215319
"36" 6 -2.09766247797646 0.705387193300605
"37" 7 12.8254245977095 0
"38" 7 10.741876296516 0.520710317766594
"39" 7 8.76703889466571 0.555441939691077
"40" 7 7.04860247172462 0.609933924615436
"41" 7 4.55024236779203 0.734490889201353
"42" 7 6.48560549947145 0.811871665566436
"43" 8 10.1272237290296 0
"44" 8 22.168604356176 0.298158311519191
"45" 8 16.3508167430582 0.42041739941595
"46" 8 1.89251823539984 0.723973715390366
"47" 8 0.964455754223546 0.731531729431814
"48" 9 10.6362035202961 0
"49" 9 15.5681115214102 0.379600446329397
"50" 9 -0.524557015472857 0.7779490739213
"51" 10 10.3366725265562 0
"52" 10 22.8590507129087 0.241784755000725
"53" 10 24.146773406464 0.334713149696898
"54" 10 16.5551782421295 0.414075100822581
"55" 10 2.42992505546399 0.684146549284592
"56" 10 2.62532832366032 0.727858105408948
"57" 11 7.46562651040549 0
"58" 11 18.9158914169691 0.368299281982054
"59" 11 6.01803172818709 0.53582546186677
"60" 11 0.570412050435978 0.842769702919519
"61" 12 14.5476192888421 0
"62" 12 12.8646813444363 0.0437677891029923
"63" 12 7.20792851845999 0.553434871153201
"64" 12 2.09340335088264 0.673969855316742
"65" 13 5.87034111770696 0
"66" 13 18.7654061808609 0.301862496599781
"67" 13 14.1407586376186 0.406882774009683
"68" 13 9.95518888717679 0.443357304663975
"69" 13 8.59252788678561 0.487642838509242
"70" 13 1.44756964496261 0.604283472000303
"71" 13 -2.49380021574627 0.746470876586177
"72" 14 7.63711974908818 0
"73" 14 18.6722428309472 0.278336440755437
"74" 14 16.4240405028822 0.346367212159805
"75" 14 14.5365239946391 0.415723605884777
"76" 14 3.66271594725966 0.569599018555399
"77" 14 3.75911956180273 0.584928836272052
"78" 14 -1.13727589161209 0.679450209588987
"79" 14 1.33261536327981 0.816323197221314
"80" 15 5.87030727606041 0
"81" 15 16.2986107989325 0.231554214130504
"82" 15 3.65245978120462 0.54687334018091
"83" 15 -3.92952537653519 0.711319006481185
"84" 16 11.0804354360345 0
"85" 16 17.3649023040277 0.304795702662493
"86" 16 7.42292500851658 0.520456534135162
"87" 16 0.321848879769338 0.727776874210675
"88" 17 13.2662128217814 0
"89" 17 21.0760037227114 0.266226788942639
"90" 17 22.7204772336715 0.357641180271809
"91" 17 8.41501775659704 0.512495773395927
"92" 17 1.7079328844683 0.717778402301825
"93" 17 3.58217577178961 0.725083396761559
"94" 18 9.97007853020405 0
"95" 18 16.2410827569899 0.0560546539000496
"96" 18 18.5099266331277 0.235005598972762
"97" 18 20.8051742203623 0.352030973608435
"98" 18 8.54108748851016 0.507088777066344
"99" 18 7.81803903956774 0.548474053391363
"100" 18 9.70949575666334 0.61605565133449
"101" 18 2.55414611380739 0.666328594181356
"102" 19 10.6666351284397 0
"103" 19 6.2133635408348 0.565418670154851
"104" 19 0.982093694453666 0.627947848192422
"105" 19 0.936337118776344 0.673169437945216
"106" 19 -0.506895540221024 0.798863052378259
"107" 19 -0.00482702756320919 0.838186182213285
"108" 20 11.1175555997303 0
"109" 20 20.4361852385499 0.172366442895024
"110" 20 24.1641680351371 0.207874244460406
"111" 20 15.4496072891099 0.521104796934768
"112" 20 9.09962684507762 0.631025859470791
"113" 20 5.05811918996479 0.636426605766007
"114" 20 4.3550435788066 0.69112129546228
"115" 21 4.90708566132297 0
"116" 21 12.293719595936 0.0831348647166677
"117" 21 11.0553761887235 0.444392719357774
"118" 21 -2.92682756479532 0.725688151229081
"119" 21 -1.40554092790149 0.729427249246411
"120" 21 -3.69806207985117 0.741328366262975
"121" 21 -1.7578464189156 0.747226475348892
"122" 21 -0.515633993342135 0.836933836069732
"123" 22 6.51932643736421 0
"124" 22 12.9873242132806 0.219111138645315
"125" 22 12.1831342902057 0.324740952528371
"126" 23 5.17604214612243 0
"127" 23 21.7469807459385 0.213846526047431
"128" 23 8.11070615042056 0.523060808457791
"129" 23 6.27197347203616 0.602751608328146
"130" 23 -0.212990943314935 0.821059173530948
"131" 24 11.2305816550261 0
"132" 24 20.6383540326531 0.329274911665189
"133" 24 21.7648321520299 0.329757791648963
"134" 24 7.07665064955503 0.521509870061932
"135" 24 -2.48557240067624 0.80629129648486
"136" 24 2.15590861216566 0.827667962640164
"137" 24 1.13255761445448 0.860909180585809
"138" 25 7.37494969824152 0
"139" 25 15.856721012502 0.24337748270203
"140" 25 19.7014188295531 0.285241052290112
"141" 25 11.5605515134815 0.466447925831211
"142" 26 6.53937506016934 0
"143" 26 17.021273158568 0.243739416220638
"144" 26 16.4566819854519 0.257344919547606
"145" 26 10.2900497980147 0.472729693791155
"146" 26 8.19577939804046 0.48519746685706
"147" 26 7.84417690546794 0.496645560420921
"148" 26 1.29074855232776 0.889422789851329
"149" 27 2.63896074931517 0
"150" 27 12.428567972294 0.365434008325075
"151" 27 13.669510880403 0.388569507428354
"152" 27 0.128419589110475 0.515698919423213
"153" 27 -3.1822845356242 0.668848355302827
"154" 28 8.48594394948171 0
"155" 28 18.2416077235884 0.265987089680981
"156" 28 17.6256561191529 0.326977721585478
"157" 28 14.7310198520614 0.43434014735437
"158" 28 6.72235487480751 0.451164930369438
"159" 28 4.32780336629163 0.600245341170277
"160" 29 15.3910611796637 0
"161" 29 24.6213976583438 0.173091148952613
"162" 29 22.4664815210373 0.334073595937994
"163" 29 25.7981220048031 0.336380042311167
"164" 29 18.6694505644259 0.415672540475501
"165" 29 9.62016407805837 0.629400362710185
"166" 29 6.67916013433926 0.885299815616764
"167" 30 15.4224319992988 0
"168" 30 11.9754361001622 0.47861332702603
"169" 30 14.5446151619468 0.493768852385554
"170" 30 13.8481001129783 0.512532076720791
"171" 30 15.3514626971066 0.512710831858924
"172" 30 7.33877313752525 0.583269549115962
"173" 30 3.21208661137138 0.758225009131351
