"id" "w_obs" "t_ij"
"1" 1 11.7580804436755 0
"2" 1 22.26734057137 0.205950962511519
"3" 1 18.4642635998775 0.339620188770539
"4" 1 11.0509305976247 0.517221377896225
"5" 1 7.56091495900751 0.567804593127078
"6" 1 3.47346390119882 0.776332473595333
"7" 2 11.3273090160137 0
"8" 2 -3.43366302613203 0.739379861892694
"9" 2 3.14230544573856 0.741615378213046
"10" 2 1.66125068133647 0.803449958884628
"11" 3 11.3238327337551 0
"12" 3 20.8991408951748 0.359670603180534
"13" 3 3.97660681632517 0.67037903872647
"14" 3 -0.756965731496134 0.73656159692569
"15" 3 1.28094754484401 0.808594826719648
"16" 4 8.45725198148483 0
"17" 4 18.5757420407757 0.290742600538368
"18" 4 10.6765279018326 0.38367568328778
"19" 4 12.4633327365392 0.399427967826485
"20" 4 3.41553662717634 0.575859305727713
"21" 4 -1.38177555456264 0.627164957284502
"22" 5 7.6008935256095 0
"23" 5 14.5842286446859 0.13779422007882
"24" 5 19.5220445014021 0.284129055499051
"25" 5 10.7854952668229 0.440599116121306
"26" 5 10.5938391018026 0.452154041977588
"27" 5 -0.840171209222207 0.78280577688534
"28" 5 -1.82060298698761 0.8262957463506
"29" 6 7.95352256272095 0
"30" 6 16.8862352486959 0.331174399874675
"31" 6 16.2144068963421 0.361903284336727
"32" 6 12.224456447888 0.485066463410577
"33" 6 9.01918247894111 0.50849276689755
"34" 6 4.37893304866468 0.584521999998646
"35" 6 -2.64043213970823 0.701833405825471
"36" 6 -2.12598894056788 0.792777496083022
"37" 7 10.8989316739902 0
"38" 7 18.6078020969856 0.132769744669237
"39" 7 19.8982528760655 0.324002344975693
"40" 7 16.6001695335028 0.336110320221845
"41" 7 19.107438773408 0.449907307280333
"42" 7 9.72242827759934 0.57522778748778
"43" 8 7.76683729916785 0
"44" 8 14.839322381345 0.49366745854378
"45" 8 4.14296976819859 0.627115067636197
"46" 8 2.19545249048022 0.737844432881907
"47" 8 5.50109654470572 0.754488317833087
"48" 9 10.0808507611217 0
"49" 9 18.7511095822229 0.165659874883644
"50" 9 9.07477762903287 0.521173113051609
"51" 10 12.1989183180366 0
"52" 10 21.5809550387713 0.242255685420359
"53" 10 23.9036101623193 0.295268644320327
"54" 10 12.1557027749472 0.488065471891846
"55" 10 4.8473254016215 0.582429719248966
"56" 10 4.72965383326145 0.727106508309009
"57" 11 10.0778220351912 0
"58" 11 19.8615880205047 0.234052542952014
"59" 11 16.5067117894599 0.305563968572649
"60" 11 2.16206949120319 0.643268577918181
"61" 12 7.18100550549812 0
"62" 12 8.07921444143862 0.510017159110001
"63" 12 2.94885599173864 0.554946942402308
"64" 12 -3.6673310480244 0.866455974147213
"65" 13 9.85426391361902 0
"66" 13 17.3681311096496 0.232135607672023
"67" 13 16.09702491282 0.384039036081683
"68" 13 8.6584827142551 0.462457302150768
"69" 13 7.84998234044708 0.467726293212971
"70" 13 9.06865837092312 0.47935785019331
"71" 13 -1.75003091233293 0.683041836411308
"72" 14 11.5773136058704 0
"73" 14 18.1604076824422 0.290627245215992
"74" 14 16.8890930313422 0.339683013622537
"75" 14 14.1742288267217 0.404564713412296
"76" 14 9.91582017524549 0.501862081320327
"77" 14 8.17682092857929 0.536912439203164
"78" 14 -0.619561767570855 0.634106728679273
"79" 14 3.04547433015869 0.640745263635666
"80" 15 13.2252887311795 0
"81" 15 18.4672837807394 0.343372854140141
"82" 15 3.61474378595679 0.673544953317726
"83" 15 0.414705328037602 0.716316000547149
"84" 16 8.3948459552892 0
"85" 16 19.3513700880873 0.219420624084953
"86" 16 17.2279027133015 0.315051423749437
"87" 16 7.43915822187897 0.548882493858949
"88" 17 14.2554909184204 0
"89" 17 21.0970769353587 0.185926910644149
"90" 17 22.341367115251 0.1875052210047
"91" 17 10.7629459423988 0.595058356236876
"92" 17 3.29944904891713 0.683992732910139
"93" 17 3.80655369671146 0.753278700176557
"94" 18 17.9268338121999 0
"95" 18 25.7221514935188 0.31685206095767
"96" 18 24.6542654287605 0.372611105257115
"97" 18 20.4237366582707 0.40333265999634
"98" 18 13.2458389095339 0.530036307177045
"99" 18 12.0376157623116 0.565115064539553
"100" 18 8.18929144086663 0.626599014976526
"101" 18 0.365677971697601 0.728581452457685
"102" 19 5.89100671561723 0
"103" 19 13.1123175484025 0.107237552268227
"104" 19 0.584263719900845 0.567141168172771
"105" 19 -0.937610147644723 0.615566292408388
"106" 19 0.563861252846602 0.631536977156797
"107" 19 -3.17341941160969 0.707302964454276
"108" 20 7.73785555958784 0
"109" 20 16.319879201385 0.353509465313152
"110" 20 16.3937758463851 0.364439291101147
"111" 20 -2.2525891608508 0.638241994301327
"112" 20 -2.59859158078076 0.685020560727017
"113" 20 0.49804820291092 0.685838571997447
"114" 20 -2.63197095722597 0.693740903106169
"115" 21 6.8102695614653 0
"116" 21 11.6215281890525 0.405666944839154
"117" 21 3.96574209176675 0.548296454996777
"118" 21 -2.76065433960036 0.698306853451431
"119" 21 -1.16579744628233 0.762445591383949
"120" 21 -1.26003400445415 0.814937734523618
"121" 21 -0.668881309517069 0.858909254520268
"122" 21 5.55948888980643 0.947857682165892
"123" 22 10.6792612845044 0
"124" 22 1.51614474495413 0.682673815293843
"125" 22 -0.316874886564143 0.771815409880881
"126" 23 3.68024301831161 0
"127" 23 12.8041167800188 0.316681384712353
"128" 23 7.40305018543614 0.453289434805227
"129" 23 -2.72570835416427 0.627995477632367
"130" 23 -3.5784811397542 0.703537243486326
"131" 24 16.4762604810352 0
"132" 24 23.2121543405818 0.26048972327882
"133" 24 21.3068438682048 0.301810342646235
"134" 24 21.9074168706345 0.386139104536307
"135" 24 7.32216653730763 0.592721658380594
"136" 24 6.66288287227072 0.60549401602791
"137" 24 7.05651780270802 0.715310217492638
"138" 25 16.299899545816 0
"139" 25 25.0937405370259 0.144640391360753
"140" 25 16.5261636013201 0.510077525878699
"141" 25 12.6364214859951 0.553669703477748
"142" 26 5.7890689699854 0
"143" 26 11.7157624518799 0.222008670265694
"144" 26 16.2063490182418 0.291529402864435
"145" 26 10.6715866448164 0.415674213437723
"146" 26 9.22967871423953 0.453953004656829
"147" 26 6.74885715474525 0.506916960568911
"148" 26 -6.06642759290973 0.770450779747498
"149" 27 13.6541922298746 0
"150" 27 22.5274011961825 0.17435662174024
"151" 27 20.6785713507826 0.199608063306588
"152" 27 18.4976702928355 0.420896190133171
"153" 27 13.4221658376183 0.476071339651514
"154" 28 10.2478180440066 0
"155" 28 18.8980499465167 0.394829472322866
"156" 28 19.8828826579749 0.402508158848943
"157" 28 16.8765042104376 0.443746892894494
"158" 28 4.3216787370079 0.578021995253168
"159" 28 2.14653493504565 0.687150249199416
"160" 29 11.5210930722737 0
"161" 29 25.450484746358 0.257431411747289
"162" 29 23.713144746754 0.303028801157701
"163" 29 13.6422038770384 0.448969335589476
"164" 29 11.5323761072757 0.51402066391521
"165" 29 3.68067437557308 0.707891144358844
"166" 29 2.79729288004872 0.815973547930222
"167" 30 12.4353297447049 0
"168" 30 16.282725915104 0.116039334563488
"169" 30 17.8352514879833 0.300454843823072
"170" 30 18.9053770126391 0.358753753941434
"171" 30 17.5959786066593 0.417555952257959
"172" 30 11.2398497517157 0.505238707861078
"173" 30 0.434394104383498 0.746626474233485
