"id" "age" "gender" "height"
"1" 1 1.25 0 2.90000000000001
"2" 1 1.5 0 2.2
"3" 1 1.75 0 2.5
"4" 1 2 0 2.5
"5" 1 3 0 9.69999999999999
"6" 1 4 0 8.40000000000001
"7" 1 5 0 6.3
"8" 1 6 0 6.10000000000001
"9" 1 7 0 8.09999999999999
"10" 1 8 0 8.19999999999999
"11" 1 8.5 0 2.90000000000001
"12" 1 9 0 3.20000000000002
"13" 1 9.5 0 3.19999999999999
"14" 1 10 0 3
"15" 1 10.5 0 2.90000000000001
"16" 1 11 0 2.79999999999998
"17" 1 11.5 0 3.5
"18" 1 12 0 4.10000000000002
"19" 1 12.5 0 5
"20" 1 13 0 6.09999999999999
"21" 1 13.5 0 6.29999999999998
"22" 1 14 0 5.10000000000002
"23" 1 14.5 0 3.29999999999998
"24" 1 15 0 1.70000000000002
"25" 1 15.5 0 0.799999999999983
"26" 1 16 0 0.700000000000017
"27" 1 16.5 0 0.399999999999977
"28" 1 17 0 0.600000000000023
"29" 1 17.5 0 0.5
"30" 1 18 0 0.799999999999983
"31" 2 1.25 0 4.2
"32" 2 1.5 0 2.8
"33" 2 1.75 0 2.2
"34" 2 2 0 2.19999999999999
"35" 2 3 0 9.40000000000001
"36" 2 4 0 7.59999999999999
"37" 2 5 0 7.7
"38" 2 6 0 6.60000000000001
"39" 2 7 0 6.09999999999999
"40" 2 8 0 5.09999999999999
"41" 2 8.5 0 2.90000000000001
"42" 2 9 0 2.40000000000001
"43" 2 9.5 0 2.09999999999999
"44" 2 10 0 2.19999999999999
"45" 2 10.5 0 2.5
"46" 2 11 0 2
"47" 2 11.5 0 2
"48" 2 12 0 1.90000000000001
"49" 2 12.5 0 1.70000000000002
"50" 2 13 0 1.79999999999998
"51" 2 13.5 0 2.20000000000002
"52" 2 14 0 2.5
"53" 2 14.5 0 2.89999999999998
"54" 2 15 0 4.10000000000002
"55" 2 15.5 0 4.39999999999998
"56" 2 16 0 3.80000000000001
"57" 2 16.5 0 2.80000000000001
"58" 2 17 0 1.79999999999998
"59" 2 17.5 0 1.30000000000001
"60" 2 18 0 1.29999999999998
"61" 3 1.25 0 3
"62" 3 1.5 0 2.8
"63" 3 1.75 0 2.10000000000001
"64" 3 2 0 2
"65" 3 3 0 7.5
"66" 3 4 0 6.2
"67" 3 5 0 6.69999999999999
"68" 3 6 0 5.2
"69" 3 7 0 6.3
"70" 3 8 0 5.40000000000001
"71" 3 8.5 0 2.5
"72" 3 9 0 2.40000000000001
"73" 3 9.5 0 2.29999999999998
"74" 3 10 0 2.20000000000002
"75" 3 10.5 0 2.40000000000001
"76" 3 11 0 2.59999999999999
"77" 3 11.5 0 2.59999999999999
"78" 3 12 0 2.59999999999999
"79" 3 12.5 0 3.20000000000002
"80" 3 13 0 4
"81" 3 13.5 0 4.29999999999998
"82" 3 14 0 4.40000000000001
"83" 3 14.5 0 3.80000000000001
"84" 3 15 0 3.5
"85" 3 15.5 0 1
"86" 3 16 0 1
"87" 3 16.5 0 1
"88" 3 17 0 1.09999999999999
"89" 3 17.5 0 0.299999999999983
"90" 3 18 0 0.300000000000011
"91" 4 1.25 0 4.30000000000001
"92" 4 1.5 0 4.19999999999999
"93" 4 1.75 0 2.80000000000001
"94" 4 2 0 2.69999999999999
"95" 4 3 0 10.5
"96" 4 4 0 5.80000000000001
"97" 4 5 0 6.59999999999999
"98" 4 6 0 5.3
"99" 4 7 0 6.90000000000001
"100" 4 8 0 6.7
"101" 4 8.5 0 3.09999999999999
"102" 4 9 0 3
"103" 4 9.5 0 2.69999999999999
"104" 4 10 0 2.70000000000002
"105" 4 10.5 0 2.59999999999999
"106" 4 11 0 2.40000000000001
"107" 4 11.5 0 2.40000000000001
"108" 4 12 0 2.59999999999999
"109" 4 12.5 0 3.09999999999999
"110" 4 13 0 3.19999999999999
"111" 4 13.5 0 4.5
"112" 4 14 0 5.20000000000002
"113" 4 14.5 0 5.09999999999999
"114" 4 15 0 3.80000000000001
"115" 4 15.5 0 2.19999999999999
"116" 4 16 0 1.30000000000001
"117" 4 16.5 0 0.899999999999977
"118" 4 17 0 0.700000000000017
"119" 4 17.5 0 0.199999999999989
"120" 4 18 0 0.200000000000017
"121" 5 1.25 0 2.09999999999999
"122" 5 1.5 0 2
"123" 5 1.75 0 2
"124" 5 2 0 1.90000000000001
"125" 5 3 0 7.2
"126" 5 4 0 7.5
"127" 5 5 0 7.19999999999999
"128" 5 6 0 6.60000000000001
"129" 5 7 0 5.09999999999999
"130" 5 8 0 5.90000000000001
"131" 5 8.5 0 3.5
"132" 5 9 0 3.3
"133" 5 9.5 0 2.69999999999999
"134" 5 10 0 3
"135" 5 10.5 0 3.20000000000002
"136" 5 11 0 3.09999999999999
"137" 5 11.5 0 2.80000000000001
"138" 5 12 0 2.59999999999999
"139" 5 12.5 0 2.79999999999998
"140" 5 13 0 3.30000000000001
"141" 5 13.5 0 3.80000000000001
"142" 5 14 0 4.59999999999999
"143" 5 14.5 0 4.69999999999999
"144" 5 15 0 3.40000000000001
"145" 5 15.5 0 1.90000000000001
"146" 5 16 0 1.19999999999999
"147" 5 16.5 0 0.800000000000011
"148" 5 17 0 0.0999999999999943
"149" 5 17.5 0 0
"150" 5 18 0 0
"151" 6 1.25 0 2.3
"152" 6 1.5 0 2
"153" 6 1.75 0 3.30000000000001
"154" 6 2 0 3
"155" 6 3 0 6.59999999999999
"156" 6 4 0 8.40000000000001
"157" 6 5 0 6.8
"158" 6 6 0 6.89999999999999
"159" 6 7 0 5.80000000000001
"160" 6 8 0 5.89999999999999
"161" 6 8.5 0 2.00000000000001
"162" 6 9 0 2.59999999999999
"163" 6 9.5 0 2.59999999999999
"164" 6 10 0 2.30000000000001
"165" 6 10.5 0 2.39999999999998
"166" 6 11 0 2.30000000000001
"167" 6 11.5 0 2.09999999999999
"168" 6 12 0 2.80000000000001
"169" 6 12.5 0 3.09999999999999
"170" 6 13 0 3.40000000000001
"171" 6 13.5 0 3.90000000000001
"172" 6 14 0 4.29999999999998
"173" 6 14.5 0 3.59999999999999
"174" 6 15 0 3.60000000000002
"175" 6 15.5 0 1.29999999999998
"176" 6 16 0 1.40000000000001
"177" 6 16.5 0 0.599999999999994
"178" 6 17 0 0.5
"179" 6 17.5 0 0.599999999999994
"180" 6 18 0 0.600000000000023
"181" 7 1.25 0 3.59999999999999
"182" 7 1.5 0 3.40000000000001
"183" 7 1.75 0 2.59999999999999
"184" 7 2 0 2.2
"185" 7 3 0 9
"186" 7 4 0 8.39999999999999
"187" 7 5 0 7.40000000000001
"188" 7 6 0 8.3
"189" 7 7 0 5.60000000000001
"190" 7 8 0 5.40000000000001
"191" 7 8.5 0 2.59999999999999
"192" 7 9 0 2.79999999999998
"193" 7 9.5 0 2.30000000000001
"194" 7 10 0 2
"195" 7 10.5 0 1.90000000000001
"196" 7 11 0 1.69999999999999
"197" 7 11.5 0 1.80000000000001
"198" 7 12 0 2.09999999999999
"199" 7 12.5 0 2.30000000000001
"200" 7 13 0 2.5
"201" 7 13.5 0 2.5
"202" 7 14 0 3
"203" 7 14.5 0 3.39999999999998
"204" 7 15 0 3.90000000000001
"205" 7 15.5 0 3.40000000000001
"206" 7 16 0 2.40000000000001
"207" 7 16.5 0 1.29999999999998
"208" 7 17 0 0.900000000000006
"209" 7 17.5 0 0.700000000000017
"210" 7 18 0 0.799999999999983
"211" 8 1.25 0 4.90000000000001
"212" 8 1.5 0 4.3
"213" 8 1.75 0 2.8
"214" 8 2 0 2.60000000000001
"215" 8 3 0 8.89999999999999
"216" 8 4 0 9.40000000000001
"217" 8 5 0 6.09999999999999
"218" 8 6 0 6.3
"219" 8 7 0 6.60000000000001
"220" 8 8 0 6.60000000000001
"221" 8 8.5 0 3.09999999999999
"222" 8 9 0 2.90000000000001
"223" 8 9.5 0 3
"224" 8 10 0 3.39999999999998
"225" 8 10.5 0 3.20000000000002
"226" 8 11 0 3.29999999999998
"227" 8 11.5 0 3.30000000000001
"228" 8 12 0 3.69999999999999
"229" 8 12.5 0 4.10000000000002
"230" 8 13 0 4.19999999999999
"231" 8 13.5 0 4.59999999999999
"232" 8 14 0 4.09999999999999
"233" 8 14.5 0 3.20000000000002
"234" 8 15 0 2.40000000000001
"235" 8 15.5 0 1.39999999999998
"236" 8 16 0 1
"237" 8 16.5 0 0.800000000000011
"238" 8 17 0 0.699999999999989
"239" 8 17.5 0 0.300000000000011
"240" 8 18 0 0.199999999999989
"241" 9 1.25 0 5.59999999999999
"242" 9 1.5 0 3.90000000000001
"243" 9 1.75 0 3
"244" 9 2 0 2.09999999999999
"245" 9 3 0 7.3
"246" 9 4 0 5.5
"247" 9 5 0 5.40000000000001
"248" 9 6 0 5.3
"249" 9 7 0 6.7
"250" 9 8 0 5.5
"251" 9 8.5 0 2.2
"252" 9 9 0 2.40000000000001
"253" 9 9.5 0 2.89999999999998
"254" 9 10 0 2.70000000000002
"255" 9 10.5 0 2
"256" 9 11 0 1.69999999999999
"257" 9 11.5 0 1.90000000000001
"258" 9 12 0 2.19999999999999
"259" 9 12.5 0 2.30000000000001
"260" 9 13 0 2.59999999999999
"261" 9 13.5 0 2.90000000000001
"262" 9 14 0 2.80000000000001
"263" 9 14.5 0 3.5
"264" 9 15 0 4
"265" 9 15.5 0 3.79999999999998
"266" 9 16 0 3.09999999999999
"267" 9 16.5 0 2.30000000000001
"268" 9 17 0 0.599999999999994
"269" 9 17.5 0 0.700000000000017
"270" 9 18 0 0.599999999999994
"271" 10 1.25 0 4.5
"272" 10 1.5 0 3.7
"273" 10 1.75 0 2.59999999999999
"274" 10 2 0 1.80000000000001
"275" 10 3 0 9
"276" 10 4 0 10.6
"277" 10 5 0 7.5
"278" 10 6 0 7.3
"279" 10 7 0 5.3
"280" 10 8 0 7.30000000000001
"281" 10 8.5 0 3.09999999999999
"282" 10 9 0 3
"283" 10 9.5 0 3
"284" 10 10 0 3
"285" 10 10.5 0 3.09999999999999
"286" 10 11 0 3.20000000000002
"287" 10 11.5 0 3.69999999999999
"288" 10 12 0 4.09999999999999
"289" 10 12.5 0 4.59999999999999
"290" 10 13 0 5.10000000000002
"291" 10 13.5 0 4.5
"292" 10 14 0 3.09999999999999
"293" 10 14.5 0 2.29999999999998
"294" 10 15 0 1.40000000000001
"295" 10 15.5 0 1
"296" 10 16 0 0.5
"297" 10 16.5 0 0.300000000000011
"298" 10 17 0 0.400000000000006
"299" 10 17.5 0 0.399999999999977
"300" 10 18 0 0.200000000000017
"301" 11 1.25 0 3
"302" 11 1.5 0 4.19999999999999
"303" 11 1.75 0 4.40000000000001
"304" 11 2 0 2.09999999999999
"305" 11 3 0 6
"306" 11 4 0 8.2
"307" 11 5 0 7.2
"308" 11 6 0 6.59999999999999
"309" 11 7 0 6.2
"310" 11 8 0 5.50000000000001
"311" 11 8.5 0 2.79999999999998
"312" 11 9 0 2.70000000000002
"313" 11 9.5 0 2.89999999999998
"314" 11 10 0 3
"315" 11 10.5 0 2.5
"316" 11 11 0 2.40000000000001
"317" 11 11.5 0 2.09999999999999
"318" 11 12 0 1.80000000000001
"319" 11 12.5 0 1.90000000000001
"320" 11 13 0 1.59999999999999
"321" 11 13.5 0 4.90000000000001
"322" 11 14 0 2.79999999999998
"323" 11 14.5 0 3.40000000000001
"324" 11 15 0 4.5
"325" 11 15.5 0 4.40000000000001
"326" 11 16 0 2.59999999999999
"327" 11 16.5 0 2
"328" 11 17 0 1
"329" 11 17.5 0 0.599999999999994
"330" 11 18 0 1.40000000000001
"331" 12 1.25 0 2.10000000000001
"332" 12 1.5 0 2.59999999999999
"333" 12 1.75 0 2.5
"334" 12 2 0 3.40000000000001
"335" 12 3 0 7.09999999999999
"336" 12 4 0 6.5
"337" 12 5 0 6.8
"338" 12 6 0 7
"339" 12 7 0 7.30000000000001
"340" 12 8 0 6.90000000000001
"341" 12 8.5 0 2.59999999999999
"342" 12 9 0 3.5
"343" 12 9.5 0 3.29999999999998
"344" 12 10 0 2.80000000000001
"345" 12 10.5 0 3
"346" 12 11 0 2.80000000000001
"347" 12 11.5 0 3
"348" 12 12 0 3.19999999999999
"349" 12 12.5 0 3.5
"350" 12 13 0 3.80000000000001
"351" 12 13.5 0 4.29999999999998
"352" 12 14 0 4.70000000000002
"353" 12 14.5 0 4.5
"354" 12 15 0 3.29999999999998
"355" 12 15.5 0 2.5
"356" 12 16 0 1.5
"357" 12 16.5 0 1.40000000000001
"358" 12 17 0 0.5
"359" 12 17.5 0 0.599999999999994
"360" 12 18 0 0.400000000000006
"361" 13 1.25 0 3.8
"362" 13 1.5 0 3.2
"363" 13 1.75 0 1.40000000000001
"364" 13 2 0 0.699999999999989
"365" 13 3 0 9.10000000000001
"366" 13 4 0 7.8
"367" 13 5 0 7
"368" 13 6 0 6.3
"369" 13 7 0 6.8
"370" 13 8 0 5.90000000000001
"371" 13 8.5 0 3.59999999999999
"372" 13 9 0 3.20000000000002
"373" 13 9.5 0 2.79999999999998
"374" 13 10 0 2.59999999999999
"375" 13 10.5 0 2.60000000000002
"376" 13 11 0 2.59999999999999
"377" 13 11.5 0 2.40000000000001
"378" 13 12 0 2.09999999999999
"379" 13 12.5 0 2.19999999999999
"380" 13 13 0 4.09999999999999
"381" 13 13.5 0 5.10000000000002
"382" 13 14 0 4.79999999999998
"383" 13 14.5 0 4.90000000000001
"384" 13 15 0 2.19999999999999
"385" 13 15.5 0 2.20000000000002
"386" 13 16 0 1.79999999999998
"387" 13 16.5 0 1.40000000000001
"388" 13 17 0 0.800000000000011
"389" 13 17.5 0 0.5
"390" 13 18 0 0.5
"391" 14 1.25 0 3
"392" 14 1.5 0 4
"393" 14 1.75 0 4.19999999999999
"394" 14 2 0 3.80000000000001
"395" 14 3 0 9.8
"396" 14 4 0 5.2
"397" 14 5 0 6.89999999999999
"398" 14 6 0 7
"399" 14 7 0 8.50000000000001
"400" 14 8 0 6.19999999999999
"401" 14 8.5 0 2.80000000000001
"402" 14 9 0 2.79999999999998
"403" 14 9.5 0 2.80000000000001
"404" 14 10 0 3.09999999999999
"405" 14 10.5 0 3.09999999999999
"406" 14 11 0 2.59999999999999
"407" 14 11.5 0 3.10000000000002
"408" 14 12 0 3.89999999999998
"409" 14 12.5 0 4.70000000000002
"410" 14 13 0 4.69999999999999
"411" 14 13.5 0 4.20000000000002
"412" 14 14 0 3.79999999999998
"413" 14 14.5 0 2.80000000000001
"414" 14 15 0 2
"415" 14 15.5 0 1.19999999999999
"416" 14 16 0 1.09999999999999
"417" 14 16.5 0 0.700000000000017
"418" 14 17 0 0.599999999999994
"419" 14 17.5 0 0.699999999999989
"420" 14 18 0 0.100000000000023
"421" 15 1.25 0 4.8
"422" 15 1.5 0 4.8
"423" 15 1.75 0 3.2
"424" 15 2 0 3
"425" 15 3 0 9.09999999999999
"426" 15 4 0 9
"427" 15 5 0 7
"428" 15 6 0 5.2
"429" 15 7 0 7
"430" 15 8 0 5.30000000000001
"431" 15 8.5 0 2.59999999999999
"432" 15 9 0 2.59999999999999
"433" 15 9.5 0 2.5
"434" 15 10 0 2.5
"435" 15 10.5 0 2.80000000000001
"436" 15 11 0 2.69999999999999
"437" 15 11.5 0 2.90000000000001
"438" 15 12 0 4
"439" 15 12.5 0 4.59999999999999
"440" 15 13 0 4.59999999999999
"441" 15 13.5 0 4.09999999999999
"442" 15 14 0 3.30000000000001
"443" 15 14.5 0 2.09999999999999
"444" 15 15 0 1.20000000000002
"445" 15 15.5 0 0.599999999999994
"446" 15 16 0 0.299999999999983
"447" 15 16.5 0 0.100000000000023
"448" 15 17 0 0.199999999999989
"449" 15 17.5 0 0
"450" 15 18 0 0.199999999999989
"451" 16 1.25 0 3
"452" 16 1.5 0 3.09999999999999
"453" 16 1.75 0 3.10000000000001
"454" 16 2 0 3
"455" 16 3 0 12.6
"456" 16 4 0 6.40000000000001
"457" 16 5 0 7.39999999999999
"458" 16 6 0 5.90000000000001
"459" 16 7 0 7.3
"460" 16 8 0 6.5
"461" 16 8.5 0 2.90000000000001
"462" 16 9 0 2.5
"463" 16 9.5 0 2.59999999999999
"464" 16 10 0 3.19999999999999
"465" 16 10.5 0 3
"466" 16 11 0 2.60000000000002
"467" 16 11.5 0 3
"468" 16 12 0 3.79999999999998
"469" 16 12.5 0 4.70000000000002
"470" 16 13 0 4.69999999999999
"471" 16 13.5 0 4
"472" 16 14 0 3.59999999999999
"473" 16 14.5 0 2.90000000000001
"474" 16 15 0 1.80000000000001
"475" 16 15.5 0 1.19999999999999
"476" 16 16 0 0.900000000000006
"477" 16 16.5 0 0.799999999999983
"478" 16 17 0 0.600000000000023
"479" 16 17.5 0 0.0999999999999943
"480" 16 18 0 0
"481" 17 1.25 0 3.40000000000001
"482" 17 1.5 0 3.59999999999999
"483" 17 1.75 0 2
"484" 17 2 0 1.90000000000001
"485" 17 3 0 9.69999999999999
"486" 17 4 0 6.5
"487" 17 5 0 7.10000000000001
"488" 17 6 0 8.3
"489" 17 7 0 7.3
"490" 17 8 0 6.7
"491" 17 8.5 0 3.40000000000001
"492" 17 9 0 2.90000000000001
"493" 17 9.5 0 2.89999999999998
"494" 17 10 0 3.10000000000002
"495" 17 10.5 0 3
"496" 17 11 0 2.69999999999999
"497" 17 11.5 0 2.90000000000001
"498" 17 12 0 2.90000000000001
"499" 17 12.5 0 3.59999999999999
"500" 17 13 0 4.69999999999999
"501" 17 13.5 0 5
"502" 17 14 0 4.40000000000001
"503" 17 14.5 0 3.30000000000001
"504" 17 15 0 2.19999999999999
"505" 17 15.5 0 1.5
"506" 17 16 0 1
"507" 17 16.5 0 0.800000000000011
"508" 17 17 0 0.399999999999977
"509" 17 17.5 0 0.400000000000006
"510" 17 18 0 0.400000000000006
"511" 18 1.25 0 1.59999999999999
"512" 18 1.5 0 2
"513" 18 1.75 0 3.2
"514" 18 2 0 2.40000000000001
"515" 18 3 0 10.5
"516" 18 4 0 4.69999999999999
"517" 18 5 0 8.40000000000001
"518" 18 6 0 6.5
"519" 18 7 0 9
"520" 18 8 0 5.59999999999999
"521" 18 8.5 0 3
"522" 18 9 0 2.90000000000001
"523" 18 9.5 0 2.40000000000001
"524" 18 10 0 2.90000000000001
"525" 18 10.5 0 3.69999999999999
"526" 18 11 0 3.80000000000001
"527" 18 11.5 0 4
"528" 18 12 0 4.89999999999998
"529" 18 12.5 0 4.70000000000002
"530" 18 13 0 3.59999999999999
"531" 18 13.5 0 2.59999999999999
"532" 18 14 0 2.09999999999999
"533" 18 14.5 0 1.40000000000001
"534" 18 15 0 0.800000000000011
"535" 18 15.5 0 0.599999999999994
"536" 18 16 0 0.300000000000011
"537" 18 16.5 0 0.299999999999983
"538" 18 17 0 0
"539" 18 17.5 0 0
"540" 18 18 0 0
"541" 19 1.25 0 4.5
"542" 19 1.5 0 4.2
"543" 19 1.75 0 3.59999999999999
"544" 19 2 0 2.8
"545" 19 3 0 8.5
"546" 19 4 0 8.30000000000001
"547" 19 5 0 6.89999999999999
"548" 19 6 0 6.5
"549" 19 7 0 6.7
"550" 19 8 0 5.90000000000001
"551" 19 8.5 0 3
"552" 19 9 0 3.19999999999999
"553" 19 9.5 0 2.70000000000002
"554" 19 10 0 2.5
"555" 19 10.5 0 2.29999999999998
"556" 19 11 0 2.40000000000001
"557" 19 11.5 0 2.09999999999999
"558" 19 12 0 2.5
"559" 19 12.5 0 3.09999999999999
"560" 19 13 0 3.30000000000001
"561" 19 13.5 0 3.90000000000001
"562" 19 14 0 4.40000000000001
"563" 19 14.5 0 4.09999999999999
"564" 19 15 0 3
"565" 19 15.5 0 1.5
"566" 19 16 0 1.09999999999999
"567" 19 16.5 0 0.699999999999989
"568" 19 17 0 0.5
"569" 19 17.5 0 0.400000000000006
"570" 19 18 0 0.400000000000006
"571" 20 1.25 0 2.90000000000001
"572" 20 1.5 0 2.59999999999999
"573" 20 1.75 0 3.5
"574" 20 2 0 3.60000000000001
"575" 20 3 0 8.89999999999999
"576" 20 4 0 6.90000000000001
"577" 20 5 0 7.3
"578" 20 6 0 6.59999999999999
"579" 20 7 0 5.60000000000001
"580" 20 8 0 6.60000000000001
"581" 20 8.5 0 3.09999999999999
"582" 20 9 0 2.90000000000001
"583" 20 9.5 0 2.69999999999999
"584" 20 10 0 3
"585" 20 10.5 0 3
"586" 20 11 0 2.59999999999999
"587" 20 11.5 0 3.09999999999999
"588" 20 12 0 3.60000000000002
"589" 20 12.5 0 4.69999999999999
"590" 20 13 0 5
"591" 20 13.5 0 4.40000000000001
"592" 20 14 0 3.40000000000001
"593" 20 14.5 0 2.29999999999998
"594" 20 15 0 1.59999999999999
"595" 20 15.5 0 1
"596" 20 16 0 0.800000000000011
"597" 20 16.5 0 0.599999999999994
"598" 20 17 0 0.300000000000011
"599" 20 17.5 0 0.0999999999999943
"600" 20 18 0 0.300000000000011
"601" 21 1.25 0 3.8
"602" 21 1.5 0 3.5
"603" 21 1.75 0 2.5
"604" 21 2 0 2.10000000000001
"605" 21 3 0 8.39999999999999
"606" 21 4 0 7
"607" 21 5 0 7.10000000000001
"608" 21 6 0 7.09999999999999
"609" 21 7 0 4.90000000000001
"610" 21 8 0 5.39999999999999
"611" 21 8.5 0 2.70000000000002
"612" 21 9 0 2.69999999999999
"613" 21 9.5 0 2.19999999999999
"614" 21 10 0 2
"615" 21 10.5 0 2.20000000000002
"616" 21 11 0 2.59999999999999
"617" 21 11.5 0 2.09999999999999
"618" 21 12 0 2.20000000000002
"619" 21 12.5 0 2.19999999999999
"620" 21 13 0 2
"621" 21 13.5 0 2.5
"622" 21 14 0 2.90000000000001
"623" 21 14.5 0 3.5
"624" 21 15 0 4.09999999999999
"625" 21 15.5 0 3.80000000000001
"626" 21 16 0 3
"627" 21 16.5 0 2.19999999999999
"628" 21 17 0 1.5
"629" 21 17.5 0 1.40000000000001
"630" 21 18 0 1.5
"631" 22 1.25 0 2.40000000000001
"632" 22 1.5 0 3.59999999999999
"633" 22 1.75 0 4
"634" 22 2 0 2.40000000000001
"635" 22 3 0 6.3
"636" 22 4 0 6.8
"637" 22 5 0 6.40000000000001
"638" 22 6 0 3
"639" 22 7 0 7.90000000000001
"640" 22 8 0 6.69999999999999
"641" 22 8.5 0 2.70000000000002
"642" 22 9 0 2.59999999999999
"643" 22 9.5 0 2.90000000000001
"644" 22 10 0 2.5
"645" 22 10.5 0 2.89999999999998
"646" 22 11 0 2.5
"647" 22 11.5 0 1.90000000000001
"648" 22 12 0 2.5
"649" 22 12.5 0 3.40000000000001
"650" 22 13 0 4
"651" 22 13.5 0 4
"652" 22 14 0 4.09999999999999
"653" 22 14.5 0 4.40000000000001
"654" 22 15 0 2.69999999999999
"655" 22 15.5 0 1.5
"656" 22 16 0 1.20000000000002
"657" 22 16.5 0 0.900000000000006
"658" 22 17 0 0.599999999999994
"659" 22 17.5 0 0.400000000000006
"660" 22 18 0 0.199999999999989
"661" 23 1.25 0 3
"662" 23 1.5 0 2.7
"663" 23 1.75 0 3.5
"664" 23 2 0 2.39999999999999
"665" 23 3 0 10.1
"666" 23 4 0 10.2
"667" 23 5 0 4.09999999999999
"668" 23 6 0 6.3
"669" 23 7 0 5.90000000000001
"670" 23 8 0 5.3
"671" 23 8.5 0 3.90000000000001
"672" 23 9 0 3.90000000000001
"673" 23 9.5 0 2.29999999999998
"674" 23 10 0 2.5
"675" 23 10.5 0 2.5
"676" 23 11 0 2.20000000000002
"677" 23 11.5 0 2.5
"678" 23 12 0 2.69999999999999
"679" 23 12.5 0 2.59999999999999
"680" 23 13 0 2.59999999999999
"681" 23 13.5 0 3
"682" 23 14 0 3.40000000000001
"683" 23 14.5 0 3.70000000000002
"684" 23 15 0 4.29999999999998
"685" 23 15.5 0 4.40000000000001
"686" 23 16 0 3.19999999999999
"687" 23 16.5 0 1.80000000000001
"688" 23 17 0 1.09999999999999
"689" 23 17.5 0 1.09999999999999
"690" 23 18 0 0.800000000000011
"691" 24 1.25 0 3.5
"692" 24 1.5 0 3.30000000000001
"693" 24 1.75 0 2.09999999999999
"694" 24 2 0 1.59999999999999
"695" 24 3 0 7.2
"696" 24 4 0 7.8
"697" 24 5 0 6.10000000000001
"698" 24 6 0 5.8
"699" 24 7 0 6.09999999999999
"700" 24 8 0 5.10000000000001
"701" 24 8.5 0 2.7
"702" 24 9 0 2.69999999999999
"703" 24 9.5 0 2.70000000000002
"704" 24 10 0 2.69999999999999
"705" 24 10.5 0 2.30000000000001
"706" 24 11 0 2.19999999999999
"707" 24 11.5 0 2.80000000000001
"708" 24 12 0 3.5
"709" 24 12.5 0 4.39999999999998
"710" 24 13 0 4.70000000000002
"711" 24 13.5 0 4.40000000000001
"712" 24 14 0 3.39999999999998
"713" 24 14.5 0 2.60000000000002
"714" 24 15 0 2.19999999999999
"715" 24 15.5 0 1
"716" 24 16 0 0.800000000000011
"717" 24 16.5 0 0.599999999999994
"718" 24 17 0 0.299999999999983
"719" 24 17.5 0 0.100000000000023
"720" 24 18 0 0.299999999999983
"721" 25 1.25 0 4.19999999999999
"722" 25 1.5 0 3.2
"723" 25 1.75 0 3.2
"724" 25 2 0 1.59999999999999
"725" 25 3 0 6.90000000000001
"726" 25 4 0 6.8
"727" 25 5 0 5.40000000000001
"728" 25 6 0 5.09999999999999
"729" 25 7 0 6.3
"730" 25 8 0 5.7
"731" 25 8.5 0 3.10000000000001
"732" 25 9 0 3.19999999999999
"733" 25 9.5 0 2.20000000000002
"734" 25 10 0 2.59999999999999
"735" 25 10.5 0 2.29999999999998
"736" 25 11 0 2.40000000000001
"737" 25 11.5 0 2.59999999999999
"738" 25 12 0 2.5
"739" 25 12.5 0 2.90000000000001
"740" 25 13 0 3.70000000000002
"741" 25 13.5 0 4.39999999999998
"742" 25 14 0 4.60000000000002
"743" 25 14.5 0 3.79999999999998
"744" 25 15 0 2.5
"745" 25 15.5 0 1.90000000000001
"746" 25 16 0 1.69999999999999
"747" 25 16.5 0 0.900000000000006
"748" 25 17 0 0.700000000000017
"749" 25 17.5 0 0.599999999999994
"750" 25 18 0 0.799999999999983
"751" 26 1.25 0 3
"752" 26 1.5 0 2.8
"753" 26 1.75 0 2.8
"754" 26 2 0 3
"755" 26 3 0 10.5
"756" 26 4 0 6.3
"757" 26 5 0 7.7
"758" 26 6 0 6.7
"759" 26 7 0 6.7
"760" 26 8 0 7.2
"761" 26 8.5 0 3.19999999999999
"762" 26 9 0 3.09999999999999
"763" 26 9.5 0 3.20000000000002
"764" 26 10 0 3.19999999999999
"765" 26 10.5 0 2.09999999999999
"766" 26 11 0 3.20000000000002
"767" 26 11.5 0 2.90000000000001
"768" 26 12 0 2.69999999999999
"769" 26 12.5 0 2.59999999999999
"770" 26 13 0 2.59999999999999
"771" 26 13.5 0 2.40000000000001
"772" 26 14 0 2.59999999999999
"773" 26 14.5 0 3.10000000000002
"774" 26 15 0 3.5
"775" 26 15.5 0 4
"776" 26 16 0 4
"777" 26 16.5 0 2.69999999999999
"778" 26 17 0 2.09999999999999
"779" 26 17.5 0 1.5
"780" 26 18 0 0.5
"781" 27 1.25 0 4.2
"782" 27 1.5 0 3.89999999999999
"783" 27 1.75 0 2.80000000000001
"784" 27 2 0 2.5
"785" 27 3 0 9.89999999999999
"786" 27 4 0 6.7
"787" 27 5 0 6.90000000000001
"788" 27 6 0 6.59999999999999
"789" 27 7 0 6.80000000000001
"790" 27 8 0 5.69999999999999
"791" 27 8.5 0 3
"792" 27 9 0 3.09999999999999
"793" 27 9.5 0 2.40000000000001
"794" 27 10 0 2.5
"795" 27 10.5 0 2.40000000000001
"796" 27 11 0 2.09999999999999
"797" 27 11.5 0 1.90000000000001
"798" 27 12 0 1.79999999999998
"799" 27 12.5 0 2
"800" 27 13 0 1.90000000000001
"801" 27 13.5 0 2.09999999999999
"802" 27 14 0 2.20000000000002
"803" 27 14.5 0 2.19999999999999
"804" 27 15 0 3
"805" 27 15.5 0 4.30000000000001
"806" 27 16 0 4.09999999999999
"807" 27 16.5 0 3.09999999999999
"808" 27 17 0 2.40000000000001
"809" 27 17.5 0 1.5
"810" 27 18 0 0.699999999999989
"811" 28 1.25 0 3.5
"812" 28 1.5 0 2.8
"813" 28 1.75 0 2.60000000000001
"814" 28 2 0 3
"815" 28 3 0 6.8
"816" 28 4 0 6.8
"817" 28 5 0 5.5
"818" 28 6 0 6.5
"819" 28 7 0 5.40000000000001
"820" 28 8 0 4.8
"821" 28 8.5 0 2.39999999999999
"822" 28 9 0 2.5
"823" 28 9.5 0 2.5
"824" 28 10 0 2.40000000000001
"825" 28 10.5 0 2.5
"826" 28 11 0 2.30000000000001
"827" 28 11.5 0 2.19999999999999
"828" 28 12 0 2.30000000000001
"829" 28 12.5 0 2.39999999999998
"830" 28 13 0 2.40000000000001
"831" 28 13.5 0 2.59999999999999
"832" 28 14 0 3.70000000000002
"833" 28 14.5 0 4.5
"834" 28 15 0 3.79999999999998
"835" 28 15.5 0 2.5
"836" 28 16 0 1.70000000000002
"837" 28 16.5 0 1.09999999999999
"838" 28 17 0 0.699999999999989
"839" 28 17.5 0 0.400000000000006
"840" 28 18 0 0.300000000000011
"841" 29 1.25 0 2.59999999999999
"842" 29 1.5 0 4.80000000000001
"843" 29 1.75 0 4.8
"844" 29 2 0 3.3
"845" 29 3 0 10.1
"846" 29 4 0 7.40000000000001
"847" 29 5 0 6.90000000000001
"848" 29 6 0 8.8
"849" 29 7 0 6.89999999999999
"850" 29 8 0 6.70000000000002
"851" 29 8.5 0 3.59999999999999
"852" 29 9 0 3.5
"853" 29 9.5 0 3
"854" 29 10 0 3
"855" 29 10.5 0 2.69999999999999
"856" 29 11 0 3
"857" 29 11.5 0 3.70000000000002
"858" 29 12 0 4.29999999999998
"859" 29 12.5 0 4.80000000000001
"860" 29 13 0 5.19999999999999
"861" 29 13.5 0 4.70000000000002
"862" 29 14 0 3.89999999999998
"863" 29 14.5 0 3.10000000000002
"864" 29 15 0 2
"865" 29 15.5 0 1.39999999999998
"866" 29 16 0 0.800000000000011
"867" 29 16.5 0 0.599999999999994
"868" 29 17 0 0.400000000000006
"869" 29 17.5 0 0.0999999999999943
"870" 29 18 0 0.200000000000017
"871" 30 1.25 0 3.8
"872" 30 1.5 0 2.3
"873" 30 1.75 0 3.90000000000001
"874" 30 2 0 2.8
"875" 30 3 0 5.5
"876" 30 4 0 11
"877" 30 5 0 5.8
"878" 30 6 0 6
"879" 30 7 0 7.8
"880" 30 8 0 6.8
"881" 30 8.5 0 2.70000000000002
"882" 30 9 0 2.69999999999999
"883" 30 9.5 0 2.90000000000001
"884" 30 10 0 3
"885" 30 10.5 0 2.19999999999999
"886" 30 11 0 2.09999999999999
"887" 30 11.5 0 1.90000000000001
"888" 30 12 0 2
"889" 30 12.5 0 2.40000000000001
"890" 30 13 0 2.59999999999999
"891" 30 13.5 0 3.20000000000002
"892" 30 14 0 4.09999999999999
"893" 30 14.5 0 4.90000000000001
"894" 30 15 0 4.29999999999998
"895" 30 15.5 0 3.30000000000001
"896" 30 16 0 2.5
"897" 30 16.5 0 1.59999999999999
"898" 30 17 0 1
"899" 30 17.5 0 0.699999999999989
"900" 30 18 0 0.400000000000006
"901" 31 1.25 0 4.09999999999999
"902" 31 1.5 0 4
"903" 31 1.75 0 3.7
"904" 31 2 0 3.09999999999999
"905" 31 3 0 8
"906" 31 4 0 7.80000000000001
"907" 31 5 0 7.09999999999999
"908" 31 6 0 6.59999999999999
"909" 31 7 0 6.10000000000001
"910" 31 8 0 7.10000000000001
"911" 31 8.5 0 3.19999999999999
"912" 31 9 0 3.19999999999999
"913" 31 9.5 0 3
"914" 31 10 0 2.70000000000002
"915" 31 10.5 0 2.5
"916" 31 11 0 3.09999999999999
"917" 31 11.5 0 4.30000000000001
"918" 31 12 0 4.59999999999999
"919" 31 12.5 0 4.79999999999998
"920" 31 13 0 4.80000000000001
"921" 31 13.5 0 4.40000000000001
"922" 31 14 0 3.29999999999998
"923" 31 14.5 0 1.90000000000001
"924" 31 15 0 1.09999999999999
"925" 31 15.5 0 1.10000000000002
"926" 31 16 0 0.599999999999994
"927" 31 16.5 0 0.400000000000006
"928" 31 17 0 0.0999999999999943
"929" 31 17.5 0 0
"930" 31 18 0 0.5
"931" 32 1.25 0 4.59999999999999
"932" 32 1.5 0 3.7
"933" 32 1.75 0 3.40000000000001
"934" 32 2 0 2.69999999999999
"935" 32 3 0 9.90000000000001
"936" 32 4 0 6.7
"937" 32 5 0 8.3
"938" 32 6 0 6.59999999999999
"939" 32 7 0 7.70000000000002
"940" 32 8 0 6.09999999999999
"941" 32 8.5 0 3.19999999999999
"942" 32 9 0 3.20000000000002
"943" 32 9.5 0 2.59999999999999
"944" 32 10 0 3.09999999999999
"945" 32 10.5 0 2.90000000000001
"946" 32 11 0 2.69999999999999
"947" 32 11.5 0 3.20000000000002
"948" 32 12 0 4.39999999999998
"949" 32 12.5 0 5.10000000000002
"950" 32 13 0 5.39999999999998
"951" 32 13.5 0 4.80000000000001
"952" 32 14 0 4.09999999999999
"953" 32 14.5 0 2.90000000000001
"954" 32 15 0 2
"955" 32 15.5 0 1.59999999999999
"956" 32 16 0 1.09999999999999
"957" 32 16.5 0 0.600000000000023
"958" 32 17 0 0.399999999999977
"959" 32 17.5 0 0.5
"960" 32 18 0 0.600000000000023
"961" 33 1.25 0 4.59999999999999
"962" 33 1.5 0 3.2
"963" 33 1.75 0 2.60000000000001
"964" 33 2 0 2.5
"965" 33 3 0 8.19999999999999
"966" 33 4 0 6.7
"967" 33 5 0 6.40000000000001
"968" 33 6 0 5.39999999999999
"969" 33 7 0 5.80000000000001
"970" 33 8 0 6.19999999999999
"971" 33 8.5 0 2.70000000000002
"972" 33 9 0 2.69999999999999
"973" 33 9.5 0 2.30000000000001
"974" 33 10 0 2.39999999999998
"975" 33 10.5 0 2.30000000000001
"976" 33 11 0 2.40000000000001
"977" 33 11.5 0 2.09999999999999
"978" 33 12 0 2.09999999999999
"979" 33 12.5 0 2.09999999999999
"980" 33 13 0 2.40000000000001
"981" 33 13.5 0 2.90000000000001
"982" 33 14 0 3.59999999999999
"983" 33 14.5 0 3.90000000000001
"984" 33 15 0 4.30000000000001
"985" 33 15.5 0 2.5
"986" 33 16 0 2.5
"987" 33 16.5 0 1.69999999999999
"988" 33 17 0 1
"989" 33 17.5 0 0.5
"990" 33 18 0 0.400000000000006
"991" 34 1.25 0 5.2
"992" 34 1.5 0 3.39999999999999
"993" 34 1.75 0 2.40000000000001
"994" 34 2 0 2.09999999999999
"995" 34 3 0 5.5
"996" 34 4 0 7.40000000000001
"997" 34 5 0 5.40000000000001
"998" 34 6 0 5.59999999999999
"999" 34 7 0 6.40000000000001
"1000" 34 8 0 4.8
"1001" 34 8.5 0 2.8
"1002" 34 9 0 2.80000000000001
"1003" 34 9.5 0 3.09999999999999
"1004" 34 10 0 3.19999999999999
"1005" 34 10.5 0 2.90000000000001
"1006" 34 11 0 2.69999999999999
"1007" 34 11.5 0 2.70000000000002
"1008" 34 12 0 3
"1009" 34 12.5 0 3.5
"1010" 34 13 0 5
"1011" 34 13.5 0 5.59999999999999
"1012" 34 14 0 4.69999999999999
"1013" 34 14.5 0 3.40000000000001
"1014" 34 15 0 2.30000000000001
"1015" 34 15.5 0 1
"1016" 34 16 0 0.5
"1017" 34 16.5 0 0.400000000000006
"1018" 34 17 0 0.399999999999977
"1019" 34 17.5 0 0
"1020" 34 18 0 0
"1021" 35 1.25 0 4.09999999999999
"1022" 35 1.5 0 5.80000000000001
"1023" 35 1.75 0 5.5
"1024" 35 2 0 3.8
"1025" 35 3 0 8.3
"1026" 35 4 0 8.09999999999999
"1027" 35 5 0 6.5
"1028" 35 6 0 8.2
"1029" 35 7 0 6.50000000000001
"1030" 35 8 0 6.29999999999998
"1031" 35 8.5 0 4.30000000000001
"1032" 35 9 0 4.09999999999999
"1033" 35 9.5 0 3.09999999999999
"1034" 35 10 0 3.40000000000001
"1035" 35 10.5 0 3.59999999999999
"1036" 35 11 0 3.30000000000001
"1037" 35 11.5 0 2.90000000000001
"1038" 35 12 0 2.5
"1039" 35 12.5 0 2.29999999999998
"1040" 35 13 0 2.40000000000001
"1041" 35 13.5 0 2.80000000000001
"1042" 35 14 0 3.5
"1043" 35 14.5 0 3.39999999999998
"1044" 35 15 0 2.70000000000002
"1045" 35 15.5 0 1.90000000000001
"1046" 35 16 0 0.899999999999977
"1047" 35 16.5 0 0.200000000000017
"1048" 35 17 0 0.299999999999983
"1049" 35 17.5 0 0.5
"1050" 35 18 0 0.800000000000011
"1051" 36 1.25 0 4.7
"1052" 36 1.5 0 4
"1053" 36 1.75 0 3.3
"1054" 36 2 0 3.2
"1055" 36 3 0 11.2
"1056" 36 4 0 7.89999999999999
"1057" 36 5 0 8
"1058" 36 6 0 7.30000000000001
"1059" 36 7 0 6.5
"1060" 36 8 0 5.79999999999998
"1061" 36 8.5 0 3.30000000000001
"1062" 36 9 0 3.5
"1063" 36 9.5 0 2.80000000000001
"1064" 36 10 0 2.69999999999999
"1065" 36 10.5 0 2.5
"1066" 36 11 0 2.5
"1067" 36 11.5 0 2.80000000000001
"1068" 36 12 0 2.79999999999998
"1069" 36 12.5 0 3.70000000000002
"1070" 36 13 0 4.79999999999998
"1071" 36 13.5 0 4.90000000000001
"1072" 36 14 0 4.19999999999999
"1073" 36 14.5 0 3.20000000000002
"1074" 36 15 0 2.40000000000001
"1075" 36 15.5 0 1.59999999999999
"1076" 36 16 0 0.699999999999989
"1077" 36 16.5 0 0.599999999999994
"1078" 36 17 0 0.400000000000006
"1079" 36 17.5 0 0.400000000000006
"1080" 36 18 0 0.300000000000011
"1081" 37 1.25 0 6.7
"1082" 37 1.5 0 2
"1083" 37 1.75 0 2.09999999999999
"1084" 37 2 0 2.3
"1085" 37 3 0 8.5
"1086" 37 4 0 8
"1087" 37 5 0 5.3
"1088" 37 6 0 6.60000000000001
"1089" 37 7 0 6.7
"1090" 37 8 0 6
"1091" 37 8.5 0 2.90000000000001
"1092" 37 9 0 2.89999999999998
"1093" 37 9.5 0 3
"1094" 37 10 0 3.10000000000002
"1095" 37 10.5 0 2.89999999999998
"1096" 37 11 0 3
"1097" 37 11.5 0 3.40000000000001
"1098" 37 12 0 4.20000000000002
"1099" 37 12.5 0 4.69999999999999
"1100" 37 13 0 4.59999999999999
"1101" 37 13.5 0 3.80000000000001
"1102" 37 14 0 3
"1103" 37 14.5 0 2.19999999999999
"1104" 37 15 0 1.20000000000002
"1105" 37 15.5 0 0.5
"1106" 37 16 0 0.399999999999977
"1107" 37 16.5 0 0.5
"1108" 37 17 0 0.400000000000006
"1109" 37 17.5 0 0.300000000000011
"1110" 37 18 0 0.299999999999983
"1111" 38 1.25 0 5.5
"1112" 38 1.5 0 3.09999999999999
"1113" 38 1.75 0 2.30000000000001
"1114" 38 2 0 2.39999999999999
"1115" 38 3 0 8
"1116" 38 4 0 8.90000000000001
"1117" 38 5 0 7.39999999999999
"1118" 38 6 0 7.30000000000001
"1119" 38 7 0 7.29999999999998
"1120" 38 8 0 6.70000000000002
"1121" 38 8.5 0 3.19999999999999
"1122" 38 9 0 3.09999999999999
"1123" 38 9.5 0 2.80000000000001
"1124" 38 10 0 2.80000000000001
"1125" 38 10.5 0 2.69999999999999
"1126" 38 11 0 3
"1127" 38 11.5 0 4
"1128" 38 12 0 4
"1129" 38 12.5 0 4
"1130" 38 13 0 4.19999999999999
"1131" 38 13.5 0 3.40000000000001
"1132" 38 14 0 2.5
"1133" 38 14.5 0 1.59999999999999
"1134" 38 15 0 1.10000000000002
"1135" 38 15.5 0 0.699999999999989
"1136" 38 16 0 0.199999999999989
"1137" 38 16.5 0 0.100000000000023
"1138" 38 17 0 0.5
"1139" 38 17.5 0 0.5
"1140" 38 18 0 0.399999999999977
"1141" 39 1.25 0 4.2
"1142" 39 1.5 0 3
"1143" 39 1.75 0 2.39999999999999
"1144" 39 2 0 2.40000000000001
"1145" 39 3 0 8.8
"1146" 39 4 0 7.3
"1147" 39 5 0 7.10000000000001
"1148" 39 6 0 5.89999999999999
"1149" 39 7 0 6.10000000000001
"1150" 39 8 0 5.5
"1151" 39 8.5 0 2.99999999999999
"1152" 39 9 0 3
"1153" 39 9.5 0 3.10000000000002
"1154" 39 10 0 3
"1155" 39 10.5 0 2.79999999999998
"1156" 39 11 0 2.5
"1157" 39 11.5 0 2.20000000000002
"1158" 39 12 0 2.89999999999998
"1159" 39 12.5 0 3.10000000000002
"1160" 39 13 0 3.39999999999998
"1161" 39 13.5 0 3.80000000000001
"1162" 39 14 0 3.59999999999999
"1163" 39 14.5 0 3.59999999999999
"1164" 39 15 0 3.30000000000001
"1165" 39 15.5 0 2.09999999999999
"1166" 39 16 0 1.59999999999999
"1167" 39 16.5 0 0.900000000000006
"1168" 39 17 0 0.5
"1169" 39 17.5 0 0.200000000000017
"1170" 39 18 0 0.0999999999999943
"1171" 40 1.25 1 4.2
"1172" 40 1.5 1 2.89999999999999
"1173" 40 1.75 1 2.40000000000001
"1174" 40 2 1 2
"1175" 40 3 1 8.3
"1176" 40 4 1 7.8
"1177" 40 5 1 6.90000000000001
"1178" 40 6 1 6.09999999999999
"1179" 40 7 1 5.40000000000001
"1180" 40 8 1 5.2
"1181" 40 8.5 1 3.19999999999999
"1182" 40 9 1 2.80000000000001
"1183" 40 9.5 1 2.5
"1184" 40 10 1 2.69999999999999
"1185" 40 10.5 1 3.80000000000001
"1186" 40 11 1 4.40000000000001
"1187" 40 11.5 1 3.5
"1188" 40 12 1 2.79999999999998
"1189" 40 12.5 1 1.90000000000001
"1190" 40 13 1 1.19999999999999
"1191" 40 13.5 1 0.900000000000006
"1192" 40 14 1 0.599999999999994
"1193" 40 14.5 1 0.300000000000011
"1194" 40 15 1 0.199999999999989
"1195" 40 15.5 1 0.200000000000017
"1196" 40 16 1 0.199999999999989
"1197" 40 16.5 1 0.0999999999999943
"1198" 40 17 1 0
"1199" 40 17.5 1 0.100000000000023
"1200" 40 18 1 0.0999999999999943
"1201" 41 1.25 1 3.40000000000001
"1202" 41 1.5 1 4
"1203" 41 1.75 1 4.90000000000001
"1204" 41 2 1 3.09999999999999
"1205" 41 3 1 4.90000000000001
"1206" 41 4 1 7.19999999999999
"1207" 41 5 1 7.10000000000001
"1208" 41 6 1 6.39999999999999
"1209" 41 7 1 7.10000000000001
"1210" 41 8 1 5.49999999999999
"1211" 41 8.5 1 2.90000000000001
"1212" 41 9 1 3.70000000000002
"1213" 41 9.5 1 3.39999999999998
"1214" 41 10 1 2.70000000000002
"1215" 41 10.5 1 2.5
"1216" 41 11 1 2.69999999999999
"1217" 41 11.5 1 3.30000000000001
"1218" 41 12 1 3.5
"1219" 41 12.5 1 3.5
"1220" 41 13 1 3.09999999999999
"1221" 41 13.5 1 2.09999999999999
"1222" 41 14 1 1
"1223" 41 14.5 1 1
"1224" 41 15 1 1.40000000000001
"1225" 41 15.5 1 0.300000000000011
"1226" 41 16 1 0.299999999999983
"1227" 41 16.5 1 0.300000000000011
"1228" 41 17 1 0.199999999999989
"1229" 41 17.5 1 0
"1230" 41 18 1 0
"1231" 42 1.25 1 3.59999999999999
"1232" 42 1.5 1 3.60000000000001
"1233" 42 1.75 1 2.5
"1234" 42 2 1 1.69999999999999
"1235" 42 3 1 7.5
"1236" 42 4 1 12.1
"1237" 42 5 1 7
"1238" 42 6 1 6.7
"1239" 42 7 1 5.09999999999999
"1240" 42 8 1 6.19999999999999
"1241" 42 8.5 1 3.80000000000001
"1242" 42 9 1 3.5
"1243" 42 9.5 1 3.69999999999999
"1244" 42 10 1 3.60000000000002
"1245" 42 10.5 1 3.5
"1246" 42 11 1 3.29999999999998
"1247" 42 11.5 1 2.59999999999999
"1248" 42 12 1 1.40000000000001
"1249" 42 12.5 1 0.5
"1250" 42 13 1 0.200000000000017
"1251" 42 13.5 1 0.5
"1252" 42 14 1 0.799999999999983
"1253" 42 14.5 1 0.200000000000017
"1254" 42 15 1 0
"1255" 42 15.5 1 0.100000000000023
"1256" 42 16 1 0.0999999999999943
"1257" 42 16.5 1 0
"1258" 42 17 1 0
"1259" 42 17.5 1 0.200000000000017
"1260" 42 18 1 0.299999999999983
"1261" 43 1.25 1 2.8
"1262" 43 1.5 1 2.8
"1263" 43 1.75 1 3.7
"1264" 43 2 1 3.3
"1265" 43 3 1 8.3
"1266" 43 4 1 7.7
"1267" 43 5 1 7.60000000000001
"1268" 43 6 1 6.8
"1269" 43 7 1 5
"1270" 43 8 1 5.3
"1271" 43 8.5 1 3.09999999999999
"1272" 43 9 1 3
"1273" 43 9.5 1 3.09999999999999
"1274" 43 10 1 2.80000000000001
"1275" 43 10.5 1 2.69999999999999
"1276" 43 11 1 2.80000000000001
"1277" 43 11.5 1 3
"1278" 43 12 1 3.30000000000001
"1279" 43 12.5 1 3.59999999999999
"1280" 43 13 1 2.79999999999998
"1281" 43 13.5 1 2.30000000000001
"1282" 43 14 1 1.69999999999999
"1283" 43 14.5 1 0.800000000000011
"1284" 43 15 1 0.5
"1285" 43 15.5 1 0.400000000000006
"1286" 43 16 1 0.299999999999983
"1287" 43 16.5 1 0.200000000000017
"1288" 43 17 1 0
"1289" 43 17.5 1 0.199999999999989
"1290" 43 18 1 0.200000000000017
"1291" 44 1.25 1 4
"1292" 44 1.5 1 3
"1293" 44 1.75 1 3
"1294" 44 2 1 3
"1295" 44 3 1 7
"1296" 44 4 1 7
"1297" 44 5 1 7
"1298" 44 6 1 7
"1299" 44 7 1 6
"1300" 44 8 1 8
"1301" 44 8.5 1 2
"1302" 44 9 1 3
"1303" 44 9.5 1 3
"1304" 44 10 1 2
"1305" 44 10.5 1 3
"1306" 44 11 1 3
"1307" 44 11.5 1 3
"1308" 44 12 1 3
"1309" 44 12.5 1 4
"1310" 44 13 1 4
"1311" 44 13.5 1 3
"1312" 44 14 1 2
"1313" 44 14.5 1 1
"1314" 44 15 1 1
"1315" 44 15.5 1 0
"1316" 44 16 1 1
"1317" 44 16.5 1 0
"1318" 44 17 1 1
"1319" 44 17.5 1 0
"1320" 44 18 1 0
"1321" 45 1.25 1 3.5
"1322" 45 1.5 1 4.5
"1323" 45 1.75 1 2.3
"1324" 45 2 1 1.7
"1325" 45 3 1 7.40000000000001
"1326" 45 4 1 6.69999999999999
"1327" 45 5 1 7.10000000000001
"1328" 45 6 1 6.59999999999999
"1329" 45 7 1 5.10000000000001
"1330" 45 8 1 5.8
"1331" 45 8.5 1 3.39999999999999
"1332" 45 9 1 3
"1333" 45 9.5 1 3
"1334" 45 10 1 2.80000000000001
"1335" 45 10.5 1 3.29999999999998
"1336" 45 11 1 4
"1337" 45 11.5 1 4.30000000000001
"1338" 45 12 1 4
"1339" 45 12.5 1 3.69999999999999
"1340" 45 13 1 3.20000000000002
"1341" 45 13.5 1 2
"1342" 45 14 1 1.29999999999998
"1343" 45 14.5 1 1
"1344" 45 15 1 0.600000000000023
"1345" 45 15.5 1 0.199999999999989
"1346" 45 16 1 0.199999999999989
"1347" 45 16.5 1 0.200000000000017
"1348" 45 17 1 0
"1349" 45 17.5 1 0.400000000000006
"1350" 45 18 1 0.0999999999999943
"1351" 46 1.25 1 4.89999999999999
"1352" 46 1.5 1 3.60000000000001
"1353" 46 1.75 1 3.5
"1354" 46 2 1 2.8
"1355" 46 3 1 9.39999999999999
"1356" 46 4 1 7.90000000000001
"1357" 46 5 1 6.2
"1358" 46 6 1 6.8
"1359" 46 7 1 4.7
"1360" 46 8 1 5.59999999999999
"1361" 46 8.5 1 2.7
"1362" 46 9 1 2.5
"1363" 46 9.5 1 2.30000000000001
"1364" 46 10 1 2.19999999999999
"1365" 46 10.5 1 2.40000000000001
"1366" 46 11 1 2.5
"1367" 46 11.5 1 2.5
"1368" 46 12 1 2.19999999999999
"1369" 46 12.5 1 2.09999999999999
"1370" 46 13 1 2.20000000000002
"1371" 46 13.5 1 2.5
"1372" 46 14 1 3.29999999999998
"1373" 46 14.5 1 3.10000000000002
"1374" 46 15 1 2.59999999999999
"1375" 46 15.5 1 2.19999999999999
"1376" 46 16 1 1.5
"1377" 46 16.5 1 0.800000000000011
"1378" 46 17 1 0.599999999999994
"1379" 46 17.5 1 0.400000000000006
"1380" 46 18 1 0.599999999999994
"1381" 47 1.25 1 4.59999999999999
"1382" 47 1.5 1 4.60000000000001
"1383" 47 1.75 1 4
"1384" 47 2 1 3.59999999999999
"1385" 47 3 1 9
"1386" 47 4 1 8.10000000000001
"1387" 47 5 1 9.09999999999999
"1388" 47 6 1 7.09999999999999
"1389" 47 7 1 7.09999999999999
"1390" 47 8 1 6.70000000000002
"1391" 47 8.5 1 4
"1392" 47 9 1 4.09999999999999
"1393" 47 9.5 1 4.09999999999999
"1394" 47 10 1 4.90000000000001
"1395" 47 10.5 1 4.59999999999999
"1396" 47 11 1 4.09999999999999
"1397" 47 11.5 1 3.30000000000001
"1398" 47 12 1 2.5
"1399" 47 12.5 1 1.30000000000001
"1400" 47 13 1 1
"1401" 47 13.5 1 0.799999999999983
"1402" 47 14 1 0.900000000000006
"1403" 47 14.5 1 1
"1404" 47 15 1 0.599999999999994
"1405" 47 15.5 1 0.300000000000011
"1406" 47 16 1 0.400000000000006
"1407" 47 16.5 1 0.299999999999983
"1408" 47 17 1 0.200000000000017
"1409" 47 17.5 1 0
"1410" 47 18 1 0.5
"1411" 48 1.25 1 3.7
"1412" 48 1.5 1 2.7
"1413" 48 1.75 1 2.19999999999999
"1414" 48 2 1 3.30000000000001
"1415" 48 3 1 7.59999999999999
"1416" 48 4 1 7.7
"1417" 48 5 1 7.2
"1418" 48 6 1 6.8
"1419" 48 7 1 6
"1420" 48 8 1 5.39999999999999
"1421" 48 8.5 1 2.40000000000001
"1422" 48 9 1 3.19999999999999
"1423" 48 9.5 1 3.30000000000001
"1424" 48 10 1 3
"1425" 48 10.5 1 3.40000000000001
"1426" 48 11 1 4
"1427" 48 11.5 1 3.69999999999999
"1428" 48 12 1 3.59999999999999
"1429" 48 12.5 1 3.40000000000001
"1430" 48 13 1 1.80000000000001
"1431" 48 13.5 1 1
"1432" 48 14 1 0.699999999999989
"1433" 48 14.5 1 0.5
"1434" 48 15 1 0.700000000000017
"1435" 48 15.5 1 0.199999999999989
"1436" 48 16 1 0
"1437" 48 16.5 1 0
"1438" 48 17 1 0
"1439" 48 17.5 1 0
"1440" 48 18 1 0
"1441" 49 1.25 1 3.2
"1442" 49 1.5 1 3.39999999999999
"1443" 49 1.75 1 3.5
"1444" 49 2 1 2.8
"1445" 49 3 1 11
"1446" 49 4 1 9.2
"1447" 49 5 1 8.40000000000001
"1448" 49 6 1 8.39999999999999
"1449" 49 7 1 6
"1450" 49 8 1 5.59999999999999
"1451" 49 8.5 1 3.10000000000002
"1452" 49 9 1 3
"1453" 49 9.5 1 3.19999999999999
"1454" 49 10 1 3.19999999999999
"1455" 49 10.5 1 3.60000000000002
"1456" 49 11 1 4.29999999999998
"1457" 49 11.5 1 4.40000000000001
"1458" 49 12 1 3.69999999999999
"1459" 49 12.5 1 2.80000000000001
"1460" 49 13 1 1.59999999999999
"1461" 49 13.5 1 1.09999999999999
"1462" 49 14 1 1.10000000000002
"1463" 49 14.5 1 0.799999999999983
"1464" 49 15 1 0.5
"1465" 49 15.5 1 0.300000000000011
"1466" 49 16 1 0.199999999999989
"1467" 49 16.5 1 0.200000000000017
"1468" 49 17 1 0.299999999999983
"1469" 49 17.5 1 0.200000000000017
"1470" 49 18 1 0.199999999999989
"1471" 50 1.25 1 6.8
"1472" 50 1.5 1 4.60000000000001
"1473" 50 1.75 1 3.7
"1474" 50 2 1 2.69999999999999
"1475" 50 3 1 7.5
"1476" 50 4 1 8.80000000000001
"1477" 50 5 1 6.59999999999999
"1478" 50 6 1 6.59999999999999
"1479" 50 7 1 6
"1480" 50 8 1 5.5
"1481" 50 8.5 1 2.30000000000001
"1482" 50 9 1 2.79999999999998
"1483" 50 9.5 1 2.60000000000002
"1484" 50 10 1 2.39999999999998
"1485" 50 10.5 1 2.5
"1486" 50 11 1 2
"1487" 50 11.5 1 1.70000000000002
"1488" 50 12 1 1.79999999999998
"1489" 50 12.5 1 2.30000000000001
"1490" 50 13 1 2.80000000000001
"1491" 50 13.5 1 3.29999999999998
"1492" 50 14 1 3.70000000000002
"1493" 50 14.5 1 3.09999999999999
"1494" 50 15 1 2.09999999999999
"1495" 50 15.5 1 1.5
"1496" 50 16 1 1
"1497" 50 16.5 1 0.5
"1498" 50 17 1 0.199999999999989
"1499" 50 17.5 1 0.200000000000017
"1500" 50 18 1 0.199999999999989
"1501" 51 1.25 1 2.8
"1502" 51 1.5 1 2.59999999999999
"1503" 51 1.75 1 2.90000000000001
"1504" 51 2 1 2.89999999999999
"1505" 51 3 1 11.7
"1506" 51 4 1 7.10000000000001
"1507" 51 5 1 7.19999999999999
"1508" 51 6 1 6.40000000000001
"1509" 51 7 1 5.7
"1510" 51 8 1 6
"1511" 51 8.5 1 2.39999999999999
"1512" 51 9 1 3
"1513" 51 9.5 1 2.40000000000001
"1514" 51 10 1 2
"1515" 51 10.5 1 2.5
"1516" 51 11 1 3.09999999999999
"1517" 51 11.5 1 3.70000000000002
"1518" 51 12 1 3.89999999999998
"1519" 51 12.5 1 3.5
"1520" 51 13 1 2.80000000000001
"1521" 51 13.5 1 2
"1522" 51 14 1 1.5
"1523" 51 14.5 1 1
"1524" 51 15 1 0.599999999999994
"1525" 51 15.5 1 0.400000000000006
"1526" 51 16 1 0.199999999999989
"1527" 51 16.5 1 0.300000000000011
"1528" 51 17 1 0.400000000000006
"1529" 51 17.5 1 0
"1530" 51 18 1 0
"1531" 52 1.25 1 6.40000000000001
"1532" 52 1.5 1 2.5
"1533" 52 1.75 1 2.8
"1534" 52 2 1 2.40000000000001
"1535" 52 3 1 8.8
"1536" 52 4 1 6.59999999999999
"1537" 52 5 1 5.60000000000001
"1538" 52 6 1 6.3
"1539" 52 7 1 5.09999999999999
"1540" 52 8 1 5
"1541" 52 8.5 1 2.3
"1542" 52 9 1 2.10000000000001
"1543" 52 9.5 1 2.2
"1544" 52 10 1 2.3
"1545" 52 10.5 1 2.2
"1546" 52 11 1 1.69999999999999
"1547" 52 11.5 1 1.90000000000001
"1548" 52 12 1 2.09999999999999
"1549" 52 12.5 1 2
"1550" 52 13 1 1.90000000000001
"1551" 52 13.5 1 2.30000000000001
"1552" 52 14 1 3.19999999999999
"1553" 52 14.5 1 3.19999999999999
"1554" 52 15 1 2.60000000000002
"1555" 52 15.5 1 1.39999999999998
"1556" 52 16 1 0.800000000000011
"1557" 52 16.5 1 0.599999999999994
"1558" 52 17 1 0.5
"1559" 52 17.5 1 0.300000000000011
"1560" 52 18 1 0.199999999999989
"1561" 53 1.25 1 3.3
"1562" 53 1.5 1 3.8
"1563" 53 1.75 1 3
"1564" 53 2 1 2.90000000000001
"1565" 53 3 1 6.5
"1566" 53 4 1 8.3
"1567" 53 5 1 7
"1568" 53 6 1 7.09999999999999
"1569" 53 7 1 6.40000000000001
"1570" 53 8 1 5.5
"1571" 53 8.5 1 2.5
"1572" 53 9 1 2.80000000000001
"1573" 53 9.5 1 2.79999999999998
"1574" 53 10 1 2.80000000000001
"1575" 53 10.5 1 2.79999999999998
"1576" 53 11 1 2.40000000000001
"1577" 53 11.5 1 2.20000000000002
"1578" 53 12 1 2.59999999999999
"1579" 53 12.5 1 3.19999999999999
"1580" 53 13 1 3.20000000000002
"1581" 53 13.5 1 3.39999999999998
"1582" 53 14 1 3.30000000000001
"1583" 53 14.5 1 2.09999999999999
"1584" 53 15 1 1.20000000000002
"1585" 53 15.5 1 0.799999999999983
"1586" 53 16 1 0.599999999999994
"1587" 53 16.5 1 0.600000000000023
"1588" 53 17 1 0
"1589" 53 17.5 1 0.199999999999989
"1590" 53 18 1 0.300000000000011
"1591" 54 1.25 1 5.40000000000001
"1592" 54 1.5 1 6
"1593" 54 1.75 1 2.8
"1594" 54 2 1 1.40000000000001
"1595" 54 3 1 6
"1596" 54 4 1 5.89999999999999
"1597" 54 5 1 6.3
"1598" 54 6 1 13.9
"1599" 54 7 1 6.8
"1600" 54 8 1 6.3
"1601" 54 8.5 1 2.80000000000001
"1602" 54 9 1 3.09999999999999
"1603" 54 9.5 1 3
"1604" 54 10 1 3.5
"1605" 54 10.5 1 4.19999999999999
"1606" 54 11 1 4.10000000000002
"1607" 54 11.5 1 4.29999999999998
"1608" 54 12 1 4
"1609" 54 12.5 1 2.09999999999999
"1610" 54 13 1 1.30000000000001
"1611" 54 13.5 1 1.09999999999999
"1612" 54 14 1 1.20000000000002
"1613" 54 14.5 1 0.399999999999977
"1614" 54 15 1 0.400000000000006
"1615" 54 15.5 1 0.400000000000006
"1616" 54 16 1 0.400000000000006
"1617" 54 16.5 1 0.199999999999989
"1618" 54 17 1 0.200000000000017
"1619" 54 17.5 1 0
"1620" 54 18 1 0.299999999999983
"1621" 55 1.25 1 2.90000000000001
"1622" 55 1.5 1 5.09999999999999
"1623" 55 1.75 1 2.8
"1624" 55 2 1 1
"1625" 55 3 1 8.5
"1626" 55 4 1 5.90000000000001
"1627" 55 5 1 7
"1628" 55 6 1 5.2
"1629" 55 7 1 5.19999999999999
"1630" 55 8 1 3.80000000000001
"1631" 55 8.5 1 2.5
"1632" 55 9 1 2.3
"1633" 55 9.5 1 2.09999999999999
"1634" 55 10 1 2.2
"1635" 55 10.5 1 2.69999999999999
"1636" 55 11 1 3.10000000000002
"1637" 55 11.5 1 3
"1638" 55 12 1 3.19999999999999
"1639" 55 12.5 1 3.09999999999999
"1640" 55 13 1 3.20000000000002
"1641" 55 13.5 1 2.19999999999999
"1642" 55 14 1 1.19999999999999
"1643" 55 14.5 1 1.20000000000002
"1644" 55 15 1 1.19999999999999
"1645" 55 15.5 1 0.800000000000011
"1646" 55 16 1 0.699999999999989
"1647" 55 16.5 1 0.800000000000011
"1648" 55 17 1 0.799999999999983
"1649" 55 17.5 1 0.5
"1650" 55 18 1 0.300000000000011
"1651" 56 1.25 1 6.59999999999999
"1652" 56 1.5 1 6.3
"1653" 56 1.75 1 3.7
"1654" 56 2 1 2.59999999999999
"1655" 56 3 1 7
"1656" 56 4 1 7.80000000000001
"1657" 56 5 1 6.8
"1658" 56 6 1 7
"1659" 56 7 1 6.5
"1660" 56 8 1 6.7
"1661" 56 8.5 1 3
"1662" 56 9 1 3.19999999999999
"1663" 56 9.5 1 3.80000000000001
"1664" 56 10 1 4.19999999999999
"1665" 56 10.5 1 4.30000000000001
"1666" 56 11 1 4
"1667" 56 11.5 1 3.09999999999999
"1668" 56 12 1 2
"1669" 56 12.5 1 1
"1670" 56 13 1 0.900000000000006
"1671" 56 13.5 1 0.5
"1672" 56 14 1 0.299999999999983
"1673" 56 14.5 1 0.200000000000017
"1674" 56 15 1 0.299999999999983
"1675" 56 15.5 1 0
"1676" 56 16 1 0.100000000000023
"1677" 56 16.5 1 0.0999999999999943
"1678" 56 17 1 0
"1679" 56 17.5 1 0
"1680" 56 18 1 0
"1681" 57 1.25 1 6.09999999999999
"1682" 57 1.5 1 5.40000000000001
"1683" 57 1.75 1 3.59999999999999
"1684" 57 2 1 2.90000000000001
"1685" 57 3 1 7.09999999999999
"1686" 57 4 1 7.7
"1687" 57 5 1 7.90000000000001
"1688" 57 6 1 8
"1689" 57 7 1 7.60000000000001
"1690" 57 8 1 5.89999999999998
"1691" 57 8.5 1 3
"1692" 57 9 1 2.90000000000001
"1693" 57 9.5 1 2.70000000000002
"1694" 57 10 1 3.39999999999998
"1695" 57 10.5 1 3.70000000000002
"1696" 57 11 1 3.40000000000001
"1697" 57 11.5 1 3.69999999999999
"1698" 57 12 1 3.5
"1699" 57 12.5 1 2.30000000000001
"1700" 57 13 1 1.19999999999999
"1701" 57 13.5 1 0.699999999999989
"1702" 57 14 1 0.600000000000023
"1703" 57 14.5 1 0.299999999999983
"1704" 57 15 1 0.200000000000017
"1705" 57 15.5 1 0.299999999999983
"1706" 57 16 1 0.200000000000017
"1707" 57 16.5 1 0.199999999999989
"1708" 57 17 1 0.0999999999999943
"1709" 57 17.5 1 0.200000000000017
"1710" 57 18 1 0
"1711" 58 1.25 1 4.5
"1712" 58 1.5 1 1.7
"1713" 58 1.75 1 2.09999999999999
"1714" 58 2 1 4.40000000000001
"1715" 58 3 1 9.3
"1716" 58 4 1 6.2
"1717" 58 5 1 8.09999999999999
"1718" 58 6 1 7.59999999999999
"1719" 58 7 1 5.10000000000001
"1720" 58 8 1 5.99999999999999
"1721" 58 8.5 1 2.90000000000001
"1722" 58 9 1 3
"1723" 58 9.5 1 3
"1724" 58 10 1 4
"1725" 58 10.5 1 5.30000000000001
"1726" 58 11 1 5.19999999999999
"1727" 58 11.5 1 4.20000000000002
"1728" 58 12 1 3.09999999999999
"1729" 58 12.5 1 1.59999999999999
"1730" 58 13 1 1
"1731" 58 13.5 1 0.800000000000011
"1732" 58 14 1 0.799999999999983
"1733" 58 14.5 1 0.599999999999994
"1734" 58 15 1 0.400000000000006
"1735" 58 15.5 1 0.300000000000011
"1736" 58 16 1 0.0999999999999943
"1737" 58 16.5 1 0.0999999999999943
"1738" 58 17 1 0
"1739" 58 17.5 1 0
"1740" 58 18 1 0.0999999999999943
"1741" 59 1.25 1 7.59999999999999
"1742" 59 1.5 1 2.5
"1743" 59 1.75 1 1.3
"1744" 59 2 1 3.80000000000001
"1745" 59 3 1 7.19999999999999
"1746" 59 4 1 10
"1747" 59 5 1 6.90000000000001
"1748" 59 6 1 6.09999999999999
"1749" 59 7 1 5.60000000000001
"1750" 59 8 1 5.99999999999999
"1751" 59 8.5 1 3.30000000000001
"1752" 59 9 1 3.19999999999999
"1753" 59 9.5 1 3.70000000000002
"1754" 59 10 1 3.29999999999998
"1755" 59 10.5 1 3.10000000000002
"1756" 59 11 1 2.89999999999998
"1757" 59 11.5 1 4
"1758" 59 12 1 4.20000000000002
"1759" 59 12.5 1 2.79999999999998
"1760" 59 13 1 2.70000000000002
"1761" 59 13.5 1 1.5
"1762" 59 14 1 1.40000000000001
"1763" 59 14.5 1 0.699999999999989
"1764" 59 15 1 0.699999999999989
"1765" 59 15.5 1 0.600000000000023
"1766" 59 16 1 0.699999999999989
"1767" 59 16.5 1 0.0999999999999943
"1768" 59 17 1 0
"1769" 59 17.5 1 0
"1770" 59 18 1 0.200000000000017
"1771" 60 1.25 1 3.09999999999999
"1772" 60 1.5 1 4
"1773" 60 1.75 1 3
"1774" 60 2 1 2.2
"1775" 60 3 1 8.3
"1776" 60 4 1 8.59999999999999
"1777" 60 5 1 8.40000000000001
"1778" 60 6 1 7.59999999999999
"1779" 60 7 1 7.90000000000001
"1780" 60 8 1 5.69999999999999
"1781" 60 8.5 1 3.40000000000001
"1782" 60 9 1 3.20000000000002
"1783" 60 9.5 1 2.89999999999998
"1784" 60 10 1 3.30000000000001
"1785" 60 10.5 1 4.30000000000001
"1786" 60 11 1 4.09999999999999
"1787" 60 11.5 1 3.90000000000001
"1788" 60 12 1 4.09999999999999
"1789" 60 12.5 1 3.09999999999999
"1790" 60 13 1 2.40000000000001
"1791" 60 13.5 1 1.5
"1792" 60 14 1 0.699999999999989
"1793" 60 14.5 1 0.0999999999999943
"1794" 60 15 1 0.400000000000006
"1795" 60 15.5 1 0.5
"1796" 60 16 1 0.400000000000006
"1797" 60 16.5 1 0
"1798" 60 17 1 0
"1799" 60 17.5 1 0
"1800" 60 18 1 0
"1801" 61 1.25 1 2.89999999999999
"1802" 61 1.5 1 3.40000000000001
"1803" 61 1.75 1 2.5
"1804" 61 2 1 2.7
"1805" 61 3 1 7.8
"1806" 61 4 1 4.39999999999999
"1807" 61 5 1 9.10000000000001
"1808" 61 6 1 7.09999999999999
"1809" 61 7 1 7.90000000000001
"1810" 61 8 1 5.60000000000001
"1811" 61 8.5 1 2.69999999999999
"1812" 61 9 1 3.19999999999999
"1813" 61 9.5 1 3.60000000000002
"1814" 61 10 1 3.59999999999999
"1815" 61 10.5 1 4
"1816" 61 11 1 4.29999999999998
"1817" 61 11.5 1 4.20000000000002
"1818" 61 12 1 3.09999999999999
"1819" 61 12.5 1 2.09999999999999
"1820" 61 13 1 1.30000000000001
"1821" 61 13.5 1 0.799999999999983
"1822" 61 14 1 0.600000000000023
"1823" 61 14.5 1 0.599999999999994
"1824" 61 15 1 0.599999999999994
"1825" 61 15.5 1 0.0999999999999943
"1826" 61 16 1 0
"1827" 61 16.5 1 0.200000000000017
"1828" 61 17 1 0.299999999999983
"1829" 61 17.5 1 0.0999999999999943
"1830" 61 18 1 0.100000000000023
"1831" 62 1.25 1 5.09999999999999
"1832" 62 1.5 1 3.5
"1833" 62 1.75 1 2.80000000000001
"1834" 62 2 1 2.5
"1835" 62 3 1 8.09999999999999
"1836" 62 4 1 6.3
"1837" 62 5 1 7.7
"1838" 62 6 1 6.90000000000001
"1839" 62 7 1 6.3
"1840" 62 8 1 5.8
"1841" 62 8.5 1 2.59999999999999
"1842" 62 9 1 2.5
"1843" 62 9.5 1 2.70000000000002
"1844" 62 10 1 3
"1845" 62 10.5 1 3.79999999999998
"1846" 62 11 1 4.20000000000002
"1847" 62 11.5 1 4.39999999999998
"1848" 62 12 1 3.60000000000002
"1849" 62 12.5 1 2.89999999999998
"1850" 62 13 1 2.10000000000002
"1851" 62 13.5 1 0.899999999999977
"1852" 62 14 1 0.800000000000011
"1853" 62 14.5 1 0.599999999999994
"1854" 62 15 1 0.400000000000006
"1855" 62 15.5 1 0.199999999999989
"1856" 62 16 1 0.400000000000006
"1857" 62 16.5 1 0.200000000000017
"1858" 62 17 1 0.0999999999999943
"1859" 62 17.5 1 0
"1860" 62 18 1 0
"1861" 63 1.25 1 4.2
"1862" 63 1.5 1 3.60000000000001
"1863" 63 1.75 1 2.5
"1864" 63 2 1 2.19999999999999
"1865" 63 3 1 6.30000000000001
"1866" 63 4 1 5.39999999999999
"1867" 63 5 1 8.90000000000001
"1868" 63 6 1 9.09999999999999
"1869" 63 7 1 3.60000000000001
"1870" 63 8 1 4.19999999999999
"1871" 63 8.5 1 3.5
"1872" 63 9 1 2.90000000000001
"1873" 63 9.5 1 2.30000000000001
"1874" 63 10 1 2.59999999999999
"1875" 63 10.5 1 2.79999999999998
"1876" 63 11 1 3.40000000000001
"1877" 63 11.5 1 3.70000000000002
"1878" 63 12 1 3.5
"1879" 63 12.5 1 3.09999999999999
"1880" 63 13 1 2.59999999999999
"1881" 63 13.5 1 1.5
"1882" 63 14 1 1.09999999999999
"1883" 63 14.5 1 0.5
"1884" 63 15 1 0.300000000000011
"1885" 63 15.5 1 0.199999999999989
"1886" 63 16 1 0.200000000000017
"1887" 63 16.5 1 0.0999999999999943
"1888" 63 17 1 0.0999999999999943
"1889" 63 17.5 1 0
"1890" 63 18 1 0.199999999999989
"1891" 64 1.25 1 5
"1892" 64 1.5 1 3.59999999999999
"1893" 64 1.75 1 2.60000000000001
"1894" 64 2 1 2.19999999999999
"1895" 64 3 1 8.90000000000001
"1896" 64 4 1 6.09999999999999
"1897" 64 5 1 7.10000000000001
"1898" 64 6 1 6.89999999999999
"1899" 64 7 1 8.90000000000001
"1900" 64 8 1 6.09999999999999
"1901" 64 8.5 1 3.5
"1902" 64 9 1 3.30000000000001
"1903" 64 9.5 1 3
"1904" 64 10 1 3.19999999999999
"1905" 64 10.5 1 3.20000000000002
"1906" 64 11 1 3.39999999999998
"1907" 64 11.5 1 3.5
"1908" 64 12 1 3.30000000000001
"1909" 64 12.5 1 3.09999999999999
"1910" 64 13 1 3.90000000000001
"1911" 64 13.5 1 4.30000000000001
"1912" 64 14 1 4
"1913" 64 14.5 1 2.89999999999998
"1914" 64 15 1 1.70000000000002
"1915" 64 15.5 1 0.799999999999983
"1916" 64 16 1 0.700000000000017
"1917" 64 16.5 1 0
"1918" 64 17 1 0
"1919" 64 17.5 1 0.300000000000011
"1920" 64 18 1 0.599999999999994
"1921" 65 1.25 1 3.39999999999999
"1922" 65 1.5 1 2.5
"1923" 65 1.75 1 3.2
"1924" 65 2 1 3
"1925" 65 3 1 8.40000000000001
"1926" 65 4 1 5.09999999999999
"1927" 65 5 1 5.90000000000001
"1928" 65 6 1 6.3
"1929" 65 7 1 5.89999999999999
"1930" 65 8 1 5.80000000000001
"1931" 65 8.5 1 2.59999999999999
"1932" 65 9 1 2.59999999999999
"1933" 65 9.5 1 2.30000000000001
"1934" 65 10 1 2.19999999999999
"1935" 65 10.5 1 2.70000000000002
"1936" 65 11 1 2.69999999999999
"1937" 65 11.5 1 3.40000000000001
"1938" 65 12 1 4
"1939" 65 12.5 1 4
"1940" 65 13 1 3.09999999999999
"1941" 65 13.5 1 2.19999999999999
"1942" 65 14 1 1.40000000000001
"1943" 65 14.5 1 1.30000000000001
"1944" 65 15 1 1
"1945" 65 15.5 1 0.699999999999989
"1946" 65 16 1 0.5
"1947" 65 16.5 1 0.400000000000006
"1948" 65 17 1 0.199999999999989
"1949" 65 17.5 1 0.300000000000011
"1950" 65 18 1 0.400000000000006
"1951" 66 1.25 1 4.80000000000001
"1952" 66 1.5 1 2.59999999999999
"1953" 66 1.75 1 2.3
"1954" 66 2 1 4.60000000000001
"1955" 66 3 1 9.09999999999999
"1956" 66 4 1 7
"1957" 66 5 1 8.5
"1958" 66 6 1 7.5
"1959" 66 7 1 5.2
"1960" 66 8 1 5.2
"1961" 66 8.5 1 2.79999999999998
"1962" 66 9 1 2.90000000000001
"1963" 66 9.5 1 2.40000000000001
"1964" 66 10 1 2.40000000000001
"1965" 66 10.5 1 3.09999999999999
"1966" 66 11 1 3.09999999999999
"1967" 66 11.5 1 3.70000000000002
"1968" 66 12 1 3.79999999999998
"1969" 66 12.5 1 2.70000000000002
"1970" 66 13 1 2
"1971" 66 13.5 1 1.5
"1972" 66 14 1 1
"1973" 66 14.5 1 0.699999999999989
"1974" 66 15 1 0.5
"1975" 66 15.5 1 0.300000000000011
"1976" 66 16 1 0.5
"1977" 66 16.5 1 0.399999999999977
"1978" 66 17 1 0.200000000000017
"1979" 66 17.5 1 0.0999999999999943
"1980" 66 18 1 0.0999999999999943
"1981" 67 1.25 1 6.2
"1982" 67 1.5 1 4.40000000000001
"1983" 67 1.75 1 3.8
"1984" 67 2 1 4.2
"1985" 67 3 1 8.5
"1986" 67 4 1 7.8
"1987" 67 5 1 6.59999999999999
"1988" 67 6 1 6
"1989" 67 7 1 5.10000000000001
"1990" 67 8 1 4.89999999999999
"1991" 67 8.5 1 2.5
"1992" 67 9 1 2.5
"1993" 67 9.5 1 2.20000000000002
"1994" 67 10 1 2.19999999999999
"1995" 67 10.5 1 3.80000000000001
"1996" 67 11 1 4
"1997" 67 11.5 1 4.69999999999999
"1998" 67 12 1 4.69999999999999
"1999" 67 12.5 1 3.5
"2000" 67 13 1 2.30000000000001
"2001" 67 13.5 1 1.59999999999999
"2002" 67 14 1 1.30000000000001
"2003" 67 14.5 1 0.799999999999983
"2004" 67 15 1 0.800000000000011
"2005" 67 15.5 1 0.400000000000006
"2006" 67 16 1 0.400000000000006
"2007" 67 16.5 1 0.199999999999989
"2008" 67 17 1 0.0999999999999943
"2009" 67 17.5 1 0.0999999999999943
"2010" 67 18 1 0
"2011" 68 1.25 1 1.3
"2012" 68 1.5 1 2.60000000000001
"2013" 68 1.75 1 3.5
"2014" 68 2 1 2.89999999999999
"2015" 68 3 1 6.8
"2016" 68 4 1 6.60000000000001
"2017" 68 5 1 5.39999999999999
"2018" 68 6 1 5.60000000000001
"2019" 68 7 1 6.8
"2020" 68 8 1 4.5
"2021" 68 8.5 1 2.2
"2022" 68 9 1 2.2
"2023" 68 9.5 1 3.09999999999999
"2024" 68 10 1 2.3
"2025" 68 10.5 1 2.2
"2026" 68 11 1 2.69999999999999
"2027" 68 11.5 1 2.70000000000002
"2028" 68 12 1 2.59999999999999
"2029" 68 12.5 1 3.30000000000001
"2030" 68 13 1 3.59999999999999
"2031" 68 13.5 1 3.09999999999999
"2032" 68 14 1 2.59999999999999
"2033" 68 14.5 1 2.20000000000002
"2034" 68 15 1 1.39999999999998
"2035" 68 15.5 1 1.10000000000002
"2036" 68 16 1 0.799999999999983
"2037" 68 16.5 1 0.5
"2038" 68 17 1 0.400000000000006
"2039" 68 17.5 1 0.0999999999999943
"2040" 68 18 1 0.400000000000006
"2041" 69 1.25 1 3.59999999999999
"2042" 69 1.5 1 4.7
"2043" 69 1.75 1 3.90000000000001
"2044" 69 2 1 2.5
"2045" 69 3 1 6.59999999999999
"2046" 69 4 1 8.3
"2047" 69 5 1 6.10000000000001
"2048" 69 6 1 6.89999999999999
"2049" 69 7 1 5.60000000000001
"2050" 69 8 1 5
"2051" 69 8.5 1 3.2
"2052" 69 9 1 3.19999999999999
"2053" 69 9.5 1 2.09999999999999
"2054" 69 10 1 2.10000000000002
"2055" 69 10.5 1 2.69999999999999
"2056" 69 11 1 3
"2057" 69 11.5 1 4
"2058" 69 12 1 4.19999999999999
"2059" 69 12.5 1 4
"2060" 69 13 1 3.5
"2061" 69 13.5 1 2.80000000000001
"2062" 69 14 1 1.80000000000001
"2063" 69 14.5 1 1.09999999999999
"2064" 69 15 1 0.900000000000006
"2065" 69 15.5 1 1
"2066" 69 16 1 0.699999999999989
"2067" 69 16.5 1 0.400000000000006
"2068" 69 17 1 0.299999999999983
"2069" 69 17.5 1 0
"2070" 69 18 1 0
"2071" 70 1.25 1 3.3
"2072" 70 1.5 1 2.40000000000001
"2073" 70 1.75 1 2
"2074" 70 2 1 2
"2075" 70 3 1 8.39999999999999
"2076" 70 4 1 7.90000000000001
"2077" 70 5 1 6.59999999999999
"2078" 70 6 1 7.5
"2079" 70 7 1 5.5
"2080" 70 8 1 4.7
"2081" 70 8.5 1 2.59999999999999
"2082" 70 9 1 2.5
"2083" 70 9.5 1 2.20000000000002
"2084" 70 10 1 2.69999999999999
"2085" 70 10.5 1 2.90000000000001
"2086" 70 11 1 3.19999999999999
"2087" 70 11.5 1 3.20000000000002
"2088" 70 12 1 3
"2089" 70 12.5 1 3.29999999999998
"2090" 70 13 1 3.09999999999999
"2091" 70 13.5 1 2.60000000000002
"2092" 70 14 1 1.09999999999999
"2093" 70 14.5 1 1
"2094" 70 15 1 1
"2095" 70 15.5 1 0.599999999999994
"2096" 70 16 1 0.300000000000011
"2097" 70 16.5 1 0.399999999999977
"2098" 70 17 1 0.5
"2099" 70 17.5 1 0.100000000000023
"2100" 70 18 1 0
"2101" 71 1.25 1 3.90000000000001
"2102" 71 1.5 1 3.8
"2103" 71 1.75 1 4.09999999999999
"2104" 71 2 1 4.3
"2105" 71 3 1 9.5
"2106" 71 4 1 9.5
"2107" 71 5 1 8.40000000000001
"2108" 71 6 1 8.2
"2109" 71 7 1 5.5
"2110" 71 8 1 7.10000000000001
"2111" 71 8.5 1 3.09999999999999
"2112" 71 9 1 3
"2113" 71 9.5 1 3.29999999999998
"2114" 71 10 1 3.40000000000001
"2115" 71 10.5 1 3.80000000000001
"2116" 71 11 1 4.19999999999999
"2117" 71 11.5 1 3.70000000000002
"2118" 71 12 1 2.59999999999999
"2119" 71 12.5 1 1.5
"2120" 71 13 1 0.699999999999989
"2121" 71 13.5 1 0.300000000000011
"2122" 71 14 1 0.0999999999999943
"2123" 71 14.5 1 0.0999999999999943
"2124" 71 15 1 0
"2125" 71 15.5 1 0.0999999999999943
"2126" 71 16 1 0
"2127" 71 16.5 1 0.300000000000011
"2128" 71 17 1 0.299999999999983
"2129" 71 17.5 1 0.100000000000023
"2130" 71 18 1 0
"2131" 72 1.25 1 5.59999999999999
"2132" 72 1.5 1 4.10000000000001
"2133" 72 1.75 1 4.8
"2134" 72 2 1 4.2
"2135" 72 3 1 6.89999999999999
"2136" 72 4 1 6.90000000000001
"2137" 72 5 1 8.09999999999999
"2138" 72 6 1 6.8
"2139" 72 7 1 6.10000000000001
"2140" 72 8 1 5.3
"2141" 72 8.5 1 3.40000000000001
"2142" 72 9 1 3.19999999999999
"2143" 72 9.5 1 1.90000000000001
"2144" 72 10 1 2.19999999999999
"2145" 72 10.5 1 3
"2146" 72 11 1 3.10000000000002
"2147" 72 11.5 1 2.69999999999999
"2148" 72 12 1 2.90000000000001
"2149" 72 12.5 1 3
"2150" 72 13 1 3.40000000000001
"2151" 72 13.5 1 3.59999999999999
"2152" 72 14 1 3
"2153" 72 14.5 1 2.19999999999999
"2154" 72 15 1 1.30000000000001
"2155" 72 15.5 1 0.900000000000006
"2156" 72 16 1 0.699999999999989
"2157" 72 16.5 1 0.699999999999989
"2158" 72 17 1 0.200000000000017
"2159" 72 17.5 1 0.199999999999989
"2160" 72 18 1 0.599999999999994
"2161" 73 1.25 1 4.80000000000001
"2162" 73 1.5 1 4.39999999999999
"2163" 73 1.75 1 3.40000000000001
"2164" 73 2 1 2.39999999999999
"2165" 73 3 1 7.90000000000001
"2166" 73 4 1 8.2
"2167" 73 5 1 6
"2168" 73 6 1 6.09999999999999
"2169" 73 7 1 5.8
"2170" 73 8 1 6
"2171" 73 8.5 1 2.80000000000001
"2172" 73 9 1 2.79999999999998
"2173" 73 9.5 1 2.60000000000002
"2174" 73 10 1 2.59999999999999
"2175" 73 10.5 1 3.40000000000001
"2176" 73 11 1 4
"2177" 73 11.5 1 4.5
"2178" 73 12 1 4
"2179" 73 12.5 1 2.69999999999999
"2180" 73 13 1 1.69999999999999
"2181" 73 13.5 1 1.20000000000002
"2182" 73 14 1 1
"2183" 73 14.5 1 0.799999999999983
"2184" 73 15 1 0.700000000000017
"2185" 73 15.5 1 0.599999999999994
"2186" 73 16 1 0.300000000000011
"2187" 73 16.5 1 0.0999999999999943
"2188" 73 17 1 0.0999999999999943
"2189" 73 17.5 1 0.0999999999999943
"2190" 73 18 1 0.300000000000011
"2191" 74 1.25 1 4.40000000000001
"2192" 74 1.5 1 2.3
"2193" 74 1.75 1 2.2
"2194" 74 2 1 1.89999999999999
"2195" 74 3 1 9.90000000000001
"2196" 74 4 1 7.5
"2197" 74 5 1 7.90000000000001
"2198" 74 6 1 7.69999999999999
"2199" 74 7 1 6.90000000000001
"2200" 74 8 1 6.69999999999999
"2201" 74 8.5 1 2.90000000000001
"2202" 74 9 1 2.80000000000001
"2203" 74 9.5 1 2.59999999999999
"2204" 74 10 1 2.80000000000001
"2205" 74 10.5 1 3.09999999999999
"2206" 74 11 1 3.69999999999999
"2207" 74 11.5 1 3.80000000000001
"2208" 74 12 1 3.5
"2209" 74 12.5 1 3.19999999999999
"2210" 74 13 1 2.5
"2211" 74 13.5 1 1.40000000000001
"2212" 74 14 1 1.19999999999999
"2213" 74 14.5 1 1.10000000000002
"2214" 74 15 1 0.599999999999994
"2215" 74 15.5 1 0.199999999999989
"2216" 74 16 1 0.200000000000017
"2217" 74 16.5 1 0.199999999999989
"2218" 74 17 1 0.0999999999999943
"2219" 74 17.5 1 0.200000000000017
"2220" 74 18 1 0.399999999999977
"2221" 75 1.25 1 4.40000000000001
"2222" 75 1.5 1 2.90000000000001
"2223" 75 1.75 1 2.39999999999999
"2224" 75 2 1 3.10000000000001
"2225" 75 3 1 8.69999999999999
"2226" 75 4 1 7.80000000000001
"2227" 75 5 1 5.3
"2228" 75 6 1 6.89999999999999
"2229" 75 7 1 7.10000000000001
"2230" 75 8 1 5.09999999999999
"2231" 75 8.5 1 3.00000000000001
"2232" 75 9 1 3
"2233" 75 9.5 1 2.5
"2234" 75 10 1 2.29999999999998
"2235" 75 10.5 1 2.70000000000002
"2236" 75 11 1 3.39999999999998
"2237" 75 11.5 1 3.60000000000002
"2238" 75 12 1 3.29999999999998
"2239" 75 12.5 1 3.5
"2240" 75 13 1 3.40000000000001
"2241" 75 13.5 1 2.59999999999999
"2242" 75 14 1 2.09999999999999
"2243" 75 14.5 1 1.30000000000001
"2244" 75 15 1 0.699999999999989
"2245" 75 15.5 1 0.400000000000006
"2246" 75 16 1 0.200000000000017
"2247" 75 16.5 1 0.299999999999983
"2248" 75 17 1 0.300000000000011
"2249" 75 17.5 1 0.299999999999983
"2250" 75 18 1 0.300000000000011
"2251" 76 1.25 1 3.8
"2252" 76 1.5 1 3.89999999999999
"2253" 76 1.75 1 3
"2254" 76 2 1 2.60000000000001
"2255" 76 3 1 8.8
"2256" 76 4 1 7.40000000000001
"2257" 76 5 1 7.8
"2258" 76 6 1 6.09999999999999
"2259" 76 7 1 5.8
"2260" 76 8 1 5.5
"2261" 76 8.5 1 3.10000000000001
"2262" 76 9 1 3.10000000000001
"2263" 76 9.5 1 2.5
"2264" 76 10 1 2.69999999999999
"2265" 76 10.5 1 2.40000000000001
"2266" 76 11 1 2.5
"2267" 76 11.5 1 2.5
"2268" 76 12 1 2.59999999999999
"2269" 76 12.5 1 3.09999999999999
"2270" 76 13 1 3.70000000000002
"2271" 76 13.5 1 3.69999999999999
"2272" 76 14 1 2.80000000000001
"2273" 76 14.5 1 1.79999999999998
"2274" 76 15 1 1.20000000000002
"2275" 76 15.5 1 1
"2276" 76 16 1 0.699999999999989
"2277" 76 16.5 1 0.300000000000011
"2278" 76 17 1 0.299999999999983
"2279" 76 17.5 1 0.200000000000017
"2280" 76 18 1 0.399999999999977
"2281" 77 1.25 1 3.5
"2282" 77 1.5 1 2.69999999999999
"2283" 77 1.75 1 3.60000000000001
"2284" 77 2 1 2.5
"2285" 77 3 1 9.8
"2286" 77 4 1 9.40000000000001
"2287" 77 5 1 7.89999999999999
"2288" 77 6 1 8.7
"2289" 77 7 1 6.59999999999999
"2290" 77 8 1 7
"2291" 77 8.5 1 3.59999999999999
"2292" 77 9 1 3.60000000000002
"2293" 77 9.5 1 3.19999999999999
"2294" 77 10 1 3.80000000000001
"2295" 77 10.5 1 3.5
"2296" 77 11 1 3.39999999999998
"2297" 77 11.5 1 3.5
"2298" 77 12 1 3.30000000000001
"2299" 77 12.5 1 2.80000000000001
"2300" 77 13 1 2.39999999999998
"2301" 77 13.5 1 1.60000000000002
"2302" 77 14 1 1.09999999999999
"2303" 77 14.5 1 1.09999999999999
"2304" 77 15 1 0.599999999999994
"2305" 77 15.5 1 0.0999999999999943
"2306" 77 16 1 0
"2307" 77 16.5 1 0.200000000000017
"2308" 77 17 1 0.400000000000006
"2309" 77 17.5 1 0.299999999999983
"2310" 77 18 1 0
"2311" 78 1.25 1 4.3
"2312" 78 1.5 1 3.7
"2313" 78 1.75 1 4.09999999999999
"2314" 78 2 1 2.40000000000001
"2315" 78 3 1 9.8
"2316" 78 4 1 8.40000000000001
"2317" 78 5 1 7
"2318" 78 6 1 6.59999999999999
"2319" 78 7 1 5.40000000000001
"2320" 78 8 1 7.2
"2321" 78 8.5 1 3.5
"2322" 78 9 1 3.5
"2323" 78 9.5 1 3.09999999999999
"2324" 78 10 1 3
"2325" 78 10.5 1 3.19999999999999
"2326" 78 11 1 3.80000000000001
"2327" 78 11.5 1 4.5
"2328" 78 12 1 4
"2329" 78 12.5 1 3.09999999999999
"2330" 78 13 1 2.30000000000001
"2331" 78 13.5 1 1.69999999999999
"2332" 78 14 1 1.20000000000002
"2333" 78 14.5 1 0.699999999999989
"2334" 78 15 1 0.400000000000006
"2335" 78 15.5 1 0.299999999999983
"2336" 78 16 1 0.300000000000011
"2337" 78 16.5 1 0
"2338" 78 17 1 0
"2339" 78 17.5 1 0.199999999999989
"2340" 78 18 1 0.200000000000017
"2341" 79 1.25 1 3.59999999999999
"2342" 79 1.5 1 1.5
"2343" 79 1.75 1 1.30000000000001
"2344" 79 2 1 2.19999999999999
"2345" 79 3 1 9.40000000000001
"2346" 79 4 1 7.7
"2347" 79 5 1 6.8
"2348" 79 6 1 7.09999999999999
"2349" 79 7 1 6.90000000000001
"2350" 79 8 1 7.09999999999999
"2351" 79 8.5 1 3.40000000000001
"2352" 79 9 1 3.30000000000001
"2353" 79 9.5 1 2.5
"2354" 79 10 1 3.19999999999999
"2355" 79 10.5 1 3.90000000000001
"2356" 79 11 1 4.40000000000001
"2357" 79 11.5 1 4
"2358" 79 12 1 2.89999999999998
"2359" 79 12.5 1 2.10000000000002
"2360" 79 13 1 1.79999999999998
"2361" 79 13.5 1 1.5
"2362" 79 14 1 0.800000000000011
"2363" 79 14.5 1 0.400000000000006
"2364" 79 15 1 0.399999999999977
"2365" 79 15.5 1 0.400000000000006
"2366" 79 16 1 0.200000000000017
"2367" 79 16.5 1 0.0999999999999943
"2368" 79 17 1 0
"2369" 79 17.5 1 0.0999999999999943
"2370" 79 18 1 0.199999999999989
"2371" 80 1.25 1 3.39999999999999
"2372" 80 1.5 1 3.2
"2373" 80 1.75 1 4.09999999999999
"2374" 80 2 1 3.30000000000001
"2375" 80 3 1 8.09999999999999
"2376" 80 4 1 7
"2377" 80 5 1 7.2
"2378" 80 6 1 6.09999999999999
"2379" 80 7 1 5.60000000000001
"2380" 80 8 1 6.19999999999999
"2381" 80 8.5 1 3.5
"2382" 80 9 1 3.5
"2383" 80 9.5 1 2.70000000000002
"2384" 80 10 1 3.19999999999999
"2385" 80 10.5 1 3.5
"2386" 80 11 1 3.69999999999999
"2387" 80 11.5 1 3.80000000000001
"2388" 80 12 1 3.19999999999999
"2389" 80 12.5 1 2.40000000000001
"2390" 80 13 1 1.90000000000001
"2391" 80 13.5 1 1.69999999999999
"2392" 80 14 1 0.700000000000017
"2393" 80 14.5 1 0.400000000000006
"2394" 80 15 1 0.599999999999994
"2395" 80 15.5 1 0.699999999999989
"2396" 80 16 1 0.5
"2397" 80 16.5 1 0
"2398" 80 17 1 0
"2399" 80 17.5 1 0.200000000000017
"2400" 80 18 1 0.199999999999989
"2401" 81 1.25 1 3.59999999999999
"2402" 81 1.5 1 3.60000000000001
"2403" 81 1.75 1 2.3
"2404" 81 2 1 2.40000000000001
"2405" 81 3 1 8.39999999999999
"2406" 81 4 1 5.40000000000001
"2407" 81 5 1 5.59999999999999
"2408" 81 6 1 6.60000000000001
"2409" 81 7 1 5.89999999999999
"2410" 81 8 1 5
"2411" 81 8.5 1 2.8
"2412" 81 9 1 2.90000000000001
"2413" 81 9.5 1 2.5
"2414" 81 10 1 2.40000000000001
"2415" 81 10.5 1 2.69999999999999
"2416" 81 11 1 3.09999999999999
"2417" 81 11.5 1 3.5
"2418" 81 12 1 3.60000000000002
"2419" 81 12.5 1 3.69999999999999
"2420" 81 13 1 2.69999999999999
"2421" 81 13.5 1 2.10000000000002
"2422" 81 14 1 1.69999999999999
"2423" 81 14.5 1 0.900000000000006
"2424" 81 15 1 0.5
"2425" 81 15.5 1 0.299999999999983
"2426" 81 16 1 0.400000000000006
"2427" 81 16.5 1 0.5
"2428" 81 17 1 0.300000000000011
"2429" 81 17.5 1 0.0999999999999943
"2430" 81 18 1 0
"2431" 82 1.25 1 4
"2432" 82 1.5 1 4.2
"2433" 82 1.75 1 3.2
"2434" 82 2 1 2.59999999999999
"2435" 82 3 1 11.2
"2436" 82 4 1 8.3
"2437" 82 5 1 6.8
"2438" 82 6 1 5.8
"2439" 82 7 1 6.70000000000002
"2440" 82 8 1 5
"2441" 82 8.5 1 3.09999999999999
"2442" 82 9 1 3
"2443" 82 9.5 1 3.69999999999999
"2444" 82 10 1 3.40000000000001
"2445" 82 10.5 1 4
"2446" 82 11 1 4.80000000000001
"2447" 82 11.5 1 4.89999999999998
"2448" 82 12 1 3.80000000000001
"2449" 82 12.5 1 2.40000000000001
"2450" 82 13 1 1.59999999999999
"2451" 82 13.5 1 0.900000000000006
"2452" 82 14 1 0.699999999999989
"2453" 82 14.5 1 0.700000000000017
"2454" 82 15 1 0.699999999999989
"2455" 82 15.5 1 0.5
"2456" 82 16 1 0.0999999999999943
"2457" 82 16.5 1 0.0999999999999943
"2458" 82 17 1 0.100000000000023
"2459" 82 17.5 1 0
"2460" 82 18 1 0.300000000000011
"2461" 83 1.25 1 4.19999999999999
"2462" 83 1.5 1 2.5
"2463" 83 1.75 1 1.30000000000001
"2464" 83 2 1 3.3
"2465" 83 3 1 6.89999999999999
"2466" 83 4 1 8.40000000000001
"2467" 83 5 1 7.3
"2468" 83 6 1 7.3
"2469" 83 7 1 5.10000000000001
"2470" 83 8 1 6.49999999999999
"2471" 83 8.5 1 2.40000000000001
"2472" 83 9 1 2.20000000000002
"2473" 83 9.5 1 3
"2474" 83 10 1 2.39999999999998
"2475" 83 10.5 1 2.90000000000001
"2476" 83 11 1 3.30000000000001
"2477" 83 11.5 1 3
"2478" 83 12 1 3.40000000000001
"2479" 83 12.5 1 4
"2480" 83 13 1 3.29999999999998
"2481" 83 13.5 1 2.40000000000001
"2482" 83 14 1 1.69999999999999
"2483" 83 14.5 1 0.900000000000006
"2484" 83 15 1 0.5
"2485" 83 15.5 1 0.200000000000017
"2486" 83 16 1 0.299999999999983
"2487" 83 16.5 1 0.0999999999999943
"2488" 83 17 1 0.100000000000023
"2489" 83 17.5 1 0
"2490" 83 18 1 0
"2491" 84 1.25 1 3.2
"2492" 84 1.5 1 3.59999999999999
"2493" 84 1.75 1 2.60000000000001
"2494" 84 2 1 2.2
"2495" 84 3 1 7.59999999999999
"2496" 84 4 1 7.8
"2497" 84 5 1 8.2
"2498" 84 6 1 6.8
"2499" 84 7 1 5.10000000000001
"2500" 84 8 1 4.89999999999999
"2501" 84 8.5 1 2.50000000000001
"2502" 84 9 1 2.59999999999999
"2503" 84 9.5 1 3
"2504" 84 10 1 2.90000000000001
"2505" 84 10.5 1 3.5
"2506" 84 11 1 3.69999999999999
"2507" 84 11.5 1 4.5
"2508" 84 12 1 4.30000000000001
"2509" 84 12.5 1 3.19999999999999
"2510" 84 13 1 1.90000000000001
"2511" 84 13.5 1 1.40000000000001
"2512" 84 14 1 1.5
"2513" 84 14.5 1 0.599999999999994
"2514" 84 15 1 0.400000000000006
"2515" 84 15.5 1 0.399999999999977
"2516" 84 16 1 0.400000000000006
"2517" 84 16.5 1 0.300000000000011
"2518" 84 17 1 0.400000000000006
"2519" 84 17.5 1 0
"2520" 84 18 1 0
"2521" 85 1.25 1 3.10000000000001
"2522" 85 1.5 1 3
"2523" 85 1.75 1 2.59999999999999
"2524" 85 2 1 2.59999999999999
"2525" 85 3 1 9
"2526" 85 4 1 9
"2527" 85 5 1 5.60000000000001
"2528" 85 6 1 8.09999999999999
"2529" 85 7 1 6.10000000000001
"2530" 85 8 1 6.3
"2531" 85 8.5 1 3.2
"2532" 85 9 1 3.19999999999999
"2533" 85 9.5 1 2.90000000000001
"2534" 85 10 1 2.80000000000001
"2535" 85 10.5 1 4.09999999999999
"2536" 85 11 1 3.90000000000001
"2537" 85 11.5 1 3.89999999999998
"2538" 85 12 1 3.90000000000001
"2539" 85 12.5 1 2.59999999999999
"2540" 85 13 1 1.40000000000001
"2541" 85 13.5 1 1.09999999999999
"2542" 85 14 1 0.800000000000011
"2543" 85 14.5 1 0.300000000000011
"2544" 85 15 1 0.299999999999983
"2545" 85 15.5 1 0.200000000000017
"2546" 85 16 1 0.299999999999983
"2547" 85 16.5 1 0.300000000000011
"2548" 85 17 1 0.0999999999999943
"2549" 85 17.5 1 0.0999999999999943
"2550" 85 18 1 0
"2551" 86 1.25 1 2
"2552" 86 1.5 1 2.59999999999999
"2553" 86 1.75 1 4.10000000000001
"2554" 86 2 1 4.7
"2555" 86 3 1 6.5
"2556" 86 4 1 6.39999999999999
"2557" 86 5 1 6.3
"2558" 86 6 1 7.7
"2559" 86 7 1 5.3
"2560" 86 8 1 7
"2561" 86 8.5 1 2.59999999999999
"2562" 86 9 1 2.70000000000002
"2563" 86 9.5 1 3.5
"2564" 86 10 1 3.5
"2565" 86 10.5 1 3.69999999999999
"2566" 86 11 1 3.80000000000001
"2567" 86 11.5 1 4
"2568" 86 12 1 3.90000000000001
"2569" 86 12.5 1 2.89999999999998
"2570" 86 13 1 1.20000000000002
"2571" 86 13.5 1 0.699999999999989
"2572" 86 14 1 0.800000000000011
"2573" 86 14.5 1 0.699999999999989
"2574" 86 15 1 0.300000000000011
"2575" 86 15.5 1 0.299999999999983
"2576" 86 16 1 0.800000000000011
"2577" 86 16.5 1 0.5
"2578" 86 17 1 0.400000000000006
"2579" 86 17.5 1 0
"2580" 86 18 1 0
"2581" 87 1.25 1 2.60000000000001
"2582" 87 1.5 1 2.5
"2583" 87 1.75 1 3.2
"2584" 87 2 1 2.39999999999999
"2585" 87 3 1 9.60000000000001
"2586" 87 4 1 3.89999999999999
"2587" 87 5 1 7.10000000000001
"2588" 87 6 1 7.59999999999999
"2589" 87 7 1 6.09999999999999
"2590" 87 8 1 4.80000000000001
"2591" 87 8.5 1 2.69999999999999
"2592" 87 9 1 2.7
"2593" 87 9.5 1 4.10000000000001
"2594" 87 10 1 4
"2595" 87 10.5 1 3.29999999999998
"2596" 87 11 1 3.60000000000002
"2597" 87 11.5 1 3.09999999999999
"2598" 87 12 1 2.59999999999999
"2599" 87 12.5 1 2.09999999999999
"2600" 87 13 1 1.20000000000002
"2601" 87 13.5 1 0.699999999999989
"2602" 87 14 1 0.400000000000006
"2603" 87 14.5 1 0.299999999999983
"2604" 87 15 1 0.300000000000011
"2605" 87 15.5 1 0.0999999999999943
"2606" 87 16 1 0.200000000000017
"2607" 87 16.5 1 0.299999999999983
"2608" 87 17 1 0.599999999999994
"2609" 87 17.5 1 0.300000000000011
"2610" 87 18 1 0.0999999999999943
"2611" 88 1.25 1 3.40000000000001
"2612" 88 1.5 1 3
"2613" 88 1.75 1 2.59999999999999
"2614" 88 2 1 2.60000000000001
"2615" 88 3 1 10.3
"2616" 88 4 1 7.59999999999999
"2617" 88 5 1 6.60000000000001
"2618" 88 6 1 7.89999999999999
"2619" 88 7 1 6.60000000000001
"2620" 88 8 1 5.7
"2621" 88 8.5 1 2.5
"2622" 88 9 1 2.5
"2623" 88 9.5 1 2.90000000000001
"2624" 88 10 1 2.89999999999998
"2625" 88 10.5 1 3.10000000000002
"2626" 88 11 1 3.29999999999998
"2627" 88 11.5 1 3.70000000000002
"2628" 88 12 1 4
"2629" 88 12.5 1 4.59999999999999
"2630" 88 13 1 4.40000000000001
"2631" 88 13.5 1 3.79999999999998
"2632" 88 14 1 3.09999999999999
"2633" 88 14.5 1 2.10000000000002
"2634" 88 15 1 1.19999999999999
"2635" 88 15.5 1 0.699999999999989
"2636" 88 16 1 0.400000000000006
"2637" 88 16.5 1 0.400000000000006
"2638" 88 17 1 0.400000000000006
"2639" 88 17.5 1 0.299999999999983
"2640" 88 18 1 0.300000000000011
"2641" 89 1.25 1 3.19999999999999
"2642" 89 1.5 1 2.5
"2643" 89 1.75 1 2.80000000000001
"2644" 89 2 1 2.59999999999999
"2645" 89 3 1 10.5
"2646" 89 4 1 8.09999999999999
"2647" 89 5 1 7.2
"2648" 89 6 1 6.10000000000001
"2649" 89 7 1 6.19999999999999
"2650" 89 8 1 6.20000000000002
"2651" 89 8.5 1 2.39999999999998
"2652" 89 9 1 2.30000000000001
"2653" 89 9.5 1 3.5
"2654" 89 10 1 3.30000000000001
"2655" 89 10.5 1 3.29999999999998
"2656" 89 11 1 3
"2657" 89 11.5 1 2.70000000000002
"2658" 89 12 1 3.09999999999999
"2659" 89 12.5 1 3.59999999999999
"2660" 89 13 1 3.80000000000001
"2661" 89 13.5 1 3.19999999999999
"2662" 89 14 1 1.5
"2663" 89 14.5 1 0.699999999999989
"2664" 89 15 1 0.700000000000017
"2665" 89 15.5 1 0.5
"2666" 89 16 1 0.199999999999989
"2667" 89 16.5 1 0.400000000000006
"2668" 89 17 1 0.400000000000006
"2669" 89 17.5 1 0.5
"2670" 89 18 1 0.400000000000006
"2671" 90 1.25 1 3.5
"2672" 90 1.5 1 2.90000000000001
"2673" 90 1.75 1 3.2
"2674" 90 2 1 4.2
"2675" 90 3 1 6.59999999999999
"2676" 90 4 1 7.59999999999999
"2677" 90 5 1 6.60000000000001
"2678" 90 6 1 6.39999999999999
"2679" 90 7 1 5.60000000000001
"2680" 90 8 1 6.10000000000001
"2681" 90 8.5 1 2.59999999999999
"2682" 90 9 1 2.59999999999999
"2683" 90 9.5 1 3
"2684" 90 10 1 2.90000000000001
"2685" 90 10.5 1 3
"2686" 90 11 1 3.19999999999999
"2687" 90 11.5 1 3.59999999999999
"2688" 90 12 1 3.70000000000002
"2689" 90 12.5 1 4.09999999999999
"2690" 90 13 1 4.19999999999999
"2691" 90 13.5 1 2.80000000000001
"2692" 90 14 1 2.30000000000001
"2693" 90 14.5 1 1.5
"2694" 90 15 1 0.899999999999977
"2695" 90 15.5 1 0.800000000000011
"2696" 90 16 1 0.599999999999994
"2697" 90 16.5 1 0.400000000000006
"2698" 90 17 1 0.199999999999989
"2699" 90 17.5 1 0.400000000000006
"2700" 90 18 1 0.400000000000006
"2701" 91 1.25 1 5
"2702" 91 1.5 1 5
"2703" 91 1.75 1 5
"2704" 91 2 1 5.30000000000001
"2705" 91 3 1 7.89999999999999
"2706" 91 4 1 7.3
"2707" 91 5 1 7.7
"2708" 91 6 1 6.8
"2709" 91 7 1 6.10000000000001
"2710" 91 8 1 4.49999999999999
"2711" 91 8.5 1 3.60000000000002
"2712" 91 9 1 3.69999999999999
"2713" 91 9.5 1 1.59999999999999
"2714" 91 10 1 1.30000000000001
"2715" 91 10.5 1 3.09999999999999
"2716" 91 11 1 2.90000000000001
"2717" 91 11.5 1 3.19999999999999
"2718" 91 12 1 3.59999999999999
"2719" 91 12.5 1 3.60000000000002
"2720" 91 13 1 2.89999999999998
"2721" 91 13.5 1 2.10000000000002
"2722" 91 14 1 1.39999999999998
"2723" 91 14.5 1 0.900000000000006
"2724" 91 15 1 0.599999999999994
"2725" 91 15.5 1 0.600000000000023
"2726" 91 16 1 0.5
"2727" 91 16.5 1 0.599999999999994
"2728" 91 17 1 0.599999999999994
"2729" 91 17.5 1 0.300000000000011
"2730" 91 18 1 0.5
"2731" 92 1.25 1 2.69999999999999
"2732" 92 1.5 1 2.2
"2733" 92 1.75 1 3.8
"2734" 92 2 1 5.40000000000001
"2735" 92 3 1 5.59999999999999
"2736" 92 4 1 8.60000000000001
"2737" 92 5 1 8
"2738" 92 6 1 7.8
"2739" 92 7 1 7.09999999999999
"2740" 92 8 1 5.70000000000002
"2741" 92 8.5 1 2.59999999999999
"2742" 92 9 1 2.59999999999999
"2743" 92 9.5 1 3
"2744" 92 10 1 3.09999999999999
"2745" 92 10.5 1 3.20000000000002
"2746" 92 11 1 3.5
"2747" 92 11.5 1 3.69999999999999
"2748" 92 12 1 3.09999999999999
"2749" 92 12.5 1 2.20000000000002
"2750" 92 13 1 1.5
"2751" 92 13.5 1 0.899999999999977
"2752" 92 14 1 0.200000000000017
"2753" 92 14.5 1 0.199999999999989
"2754" 92 15 1 0.400000000000006
"2755" 92 15.5 1 0.5
"2756" 92 16 1 0.199999999999989
"2757" 92 16.5 1 0.300000000000011
"2758" 92 17 1 0.300000000000011
"2759" 92 17.5 1 0.0999999999999943
"2760" 92 18 1 0.199999999999989
"2761" 93 1.25 1 2.30000000000001
"2762" 93 1.5 1 3.89999999999999
"2763" 93 1.75 1 3.7
"2764" 93 2 1 3.2
"2765" 93 3 1 9
"2766" 93 4 1 8.5
"2767" 93 5 1 7.7
"2768" 93 6 1 7.5
"2769" 93 7 1 7.59999999999999
"2770" 93 8 1 5.69999999999999
"2771" 93 8.5 1 2.90000000000001
"2772" 93 9 1 2.70000000000002
"2773" 93 9.5 1 4
"2774" 93 10 1 3.19999999999999
"2775" 93 10.5 1 3.30000000000001
"2776" 93 11 1 3.39999999999998
"2777" 93 11.5 1 3.70000000000002
"2778" 93 12 1 3.29999999999998
"2779" 93 12.5 1 2.5
"2780" 93 13 1 1.40000000000001
"2781" 93 13.5 1 0.800000000000011
"2782" 93 14 1 0.599999999999994
"2783" 93 14.5 1 0.699999999999989
"2784" 93 15 1 0.400000000000006
"2785" 93 15.5 1 0.300000000000011
"2786" 93 16 1 0.0999999999999943
"2787" 93 16.5 1 0
"2788" 93 17 1 0.0999999999999943
"2789" 93 17.5 1 0.300000000000011
"2790" 93 18 1 0.299999999999983
