"id" "w_obs" "t_ij"
"1" 1 12.2973018718905 0
"2" 1 15.8807035275867 0.0328029160921863
"3" 1 19.0566698709256 0.122789106030265
"4" 1 16.8163909855176 0.14169084118323
"5" 1 19.4239201723526 0.146075810941429
"6" 1 19.0197095689704 0.196717967368578
"7" 2 8.50511165068382 0
"8" 2 12.8269615396246 0.0509572993469252
"9" 2 10.6239188081924 0.0660955177170918
"10" 2 15.3868820173742 0.133783093763031
"11" 3 9.18799169536755 0
"12" 3 15.3824239920595 0.047307595706096
"13" 3 13.5707629303113 0.0775136178532874
"14" 3 19.9795298780649 0.365683178088066
"15" 3 6.11628957838508 0.548360777879798
"16" 4 7.07414243356874 0
"17" 4 19.6563853402737 0.197645324958193
"18" 4 19.2512126628975 0.235894664594689
"19" 4 22.922789129338 0.287367394386815
"20" 4 19.2012707457876 0.318582833642764
"21" 4 4.87912995697849 0.595273270752367
"22" 5 11.4461415779815 0
"23" 5 12.4417644115443 0.0261108705541404
"24" 5 9.39232393098004 0.0397134996167457
"25" 5 13.3077435291004 0.0563501859381817
"26" 5 19.3815829850547 0.184663454466607
"27" 5 13.9371548275526 0.432459004597735
"28" 5 11.7753193495289 0.453694190903507
"29" 6 10.8235654094399 0
"30" 6 12.1959685990668 0.0115912509783571
"31" 6 14.1284419600221 0.0805720688185778
"32" 6 15.1951926591323 0.0810906434819164
"33" 6 19.9785161457597 0.179411470284869
"34" 6 19.7885382069445 0.237214877815096
"35" 6 14.3525839983666 0.417147943993719
"36" 6 9.12543261719893 0.536144379534166
"37" 7 7.23952395750013 0
"38" 7 14.7103814907536 0.027118185476649
"39" 7 13.564214712031 0.0768357146825818
"40" 7 19.3681646587429 0.206083530769492
"41" 7 15.5652715135457 0.381995111072292
"42" 7 15.8706762084397 0.393396414797641
"43" 8 7.14474758854392 0
"44" 8 16.5088107195117 0.231437528177547
"45" 8 16.704509304337 0.289343986127581
"46" 8 15.473049949855 0.336225224318284
"47" 8 8.71073344820425 0.4245788632407
"48" 9 12.6085912984086 0
"49" 9 14.5376047042322 0.0602537857644895
"50" 9 11.8499786026811 0.488189013014527
"51" 10 14.3779951924005 0
"52" 10 14.6409228932207 0.0193504444551431
"53" 10 22.236873997974 0.0952159791241572
"54" 10 22.213324675272 0.310713365255707
"55" 10 8.89733512494544 0.553241667217185
"56" 10 4.4159308230271 0.750465600655113
"57" 11 11.0077467433729 0
"58" 11 12.7810417089827 0.00357671593606172
"59" 11 14.4937712082888 0.054945508866662
"60" 11 16.2925230514245 0.373093458965903
"61" 12 9.75048058332417 0
"62" 12 12.2656188872889 0.0997639423979296
"63" 12 17.5201036233856 0.267364739765167
"64" 12 16.410502699207 0.31429279930725
"65" 13 7.03756773126188 0
"66" 13 17.3800191479638 0.10373850594302
"67" 13 14.3157270579538 0.111563545464747
"68" 13 20.6180778733406 0.225153954080625
"69" 13 17.0498711990868 0.347504512649588
"70" 13 11.6899025771362 0.499796112047697
"71" 13 7.89813019013063 0.543968021326699
"72" 14 9.67971706351798 0
"73" 14 8.71288564600748 0.0784393579029482
"74" 14 12.9505754553111 0.0993658639104195
"75" 14 13.4611745297099 0.140363960499108
"76" 14 15.8006665569357 0.155730525234607
"77" 14 19.1748729354144 0.285328085821921
"78" 14 16.8559287788843 0.382628529506122
"79" 14 10.7422923082533 0.403148410772502
"80" 15 12.0244730414593 0
"81" 15 15.5762975512473 0.096058574010081
"82" 15 21.9101796748991 0.313105941810685
"83" 15 18.1949093397134 0.34805529648759
"84" 16 9.9253039316494 0
"85" 16 14.1339304705237 0.0631562219977287
"86" 16 12.8518371505222 0.0817175898826629
"87" 16 16.7736747226737 0.441611117720928
"88" 17 8.49552196231673 0
"89" 17 12.613422470607 0.00546668298520906
"90" 17 18.9352209946091 0.157430594590996
"91" 17 18.0007854680691 0.194947144337241
"92" 17 19.9640895393083 0.256773835687041
"93" 17 4.21379877730371 0.602017893928451
"94" 18 10.9169108843941 0
"95" 18 13.7337574167956 0.0170721738237252
"96" 18 12.9099366999751 0.0468515227474206
"97" 18 14.0362340018399 0.0838797416571463
"98" 18 18.2895390885652 0.126026734442196
"99" 18 20.4515474779807 0.269460941917496
"100" 18 20.2002586730479 0.37917372762267
"101" 18 18.4000631272764 0.43503380365752
"102" 19 5.98778478773303 0
"103" 19 8.55074466300602 0.035492523186751
"104" 19 11.5105175389904 0.106490285108156
"105" 19 13.739285964234 0.12702472353047
"106" 19 15.9416048187106 0.415581919985577
"107" 19 -6.73469033828856 0.807638768671244
"108" 20 8.83453149683085 0
"109" 20 7.53558477641318 0.0196218004605572
"110" 20 11.9686258545907 0.0767899821816637
"111" 20 14.5427067689419 0.151015734467711
"112" 20 11.8220832126307 0.197949805645288
"113" 20 17.2403609040428 0.213766642928537
"114" 20 14.8879725328358 0.351695155769497
"115" 21 4.45602149579297 0
"116" 21 6.77615703870583 0.0412944181604101
"117" 21 11.2373011165744 0.081466320670202
"118" 21 10.3710130005876 0.089686277445412
"119" 21 18.6842707879963 0.259823929675469
"120" 21 14.4180998769286 0.397491496471141
"121" 21 2.21718379213046 0.562829981341334
"122" 21 -1.8448191688032 0.672368553705624
"123" 22 9.9594979224137 0
"124" 22 11.4076036151111 0.0255969401524496
"125" 22 24.1778089684175 0.341659048495791
"126" 23 11.041938263032 0
"127" 23 8.93790281993807 0.00706749547655279
"128" 23 16.4035355457366 0.112829045456548
"129" 23 18.0617480227743 0.296328447604899
"130" 23 9.31452338932876 0.495584498056121
"131" 24 12.1114707888682 0
"132" 24 10.2243677203399 0.0484918012103419
"133" 24 20.135543665767 0.197821174509527
"134" 24 21.2458810967649 0.291245598620011
"135" 24 14.9694735387156 0.379604981668684
"136" 24 17.5227087396042 0.38797542415293
"137" 24 1.12578420958977 0.664312077005861
"138" 25 14.1752338977597 0
"139" 25 14.4628678766939 0.00519097968438578
"140" 25 19.7523453102725 0.208097314110063
"141" 25 25.0210309126288 0.229423587352816
"142" 26 10.2071256861033 0
"143" 26 11.3932920735683 0.00887946049258764
"144" 26 12.8460405293903 0.0584640113284039
"145" 26 15.3708467880797 0.10813513735778
"146" 26 17.6677982934971 0.186991483538939
"147" 26 19.5556041431191 0.238750649628211
"148" 26 0.832029134553322 0.617047906226757
"149" 27 13.772373934221 0
"150" 27 14.928103203359 0.00412315826431293
"151" 27 17.9325995450874 0.00716645952201185
"152" 27 13.5478593981754 0.0447526711062592
"153" 27 22.3338847388644 0.24403417594964
"154" 28 11.1398169631204 0
"155" 28 10.0552785241055 0.067003388937601
"156" 28 16.8684386765794 0.15647424201704
"157" 28 20.8257229935202 0.233190624592543
"158" 28 18.0166687181512 0.240648260705655
"159" 28 15.8810473059274 0.378763017759263
"160" 29 15.0391104996114 0
"161" 29 18.8327101335832 0.0430453492054332
"162" 29 19.2030631207466 0.086337647762524
"163" 29 21.8454790792425 0.17208885565671
"164" 29 23.8872297792012 0.210749417449621
"165" 29 22.1592908807753 0.242675765059907
"166" 29 18.8083419629485 0.366247972969351
"167" 30 7.64152369238707 0
"168" 30 15.7757112385406 0.102960045975636
"169" 30 19.375817157093 0.179559295940096
"170" 30 21.3747898441276 0.212024965396102
"171" 30 15.7930239432134 0.29421282490404
"172" 30 14.5958107267758 0.395808815064466
"173" 30 8.11185324128438 0.563476849799174
