"id" "w_obs" "t_ij"
"1" 1 12.9940519521404 0
"2" 1 13.370311148842 0.0584647271264706
"3" 1 13.953846682386 0.100194900405426
"4" 1 18.081647633065 0.12956469654594
"5" 1 20.0208272101886 0.167926136371942
"6" 1 4.03197378305412 0.571413883770105
"7" 2 9.88827002166795 0
"8" 2 15.6545776829172 0.442055695065606
"9" 2 12.8108613294767 0.478169029879293
"10" 2 4.23177181660899 0.667494184449271
"11" 3 14.1515254524506 0
"12" 3 11.9332014772572 0.000884648950000379
"13" 3 15.2146710876943 0.0247016421858082
"14" 3 16.4769364854427 0.096872085514761
"15" 3 18.7067955849342 0.151828750368146
"16" 4 11.1084012689679 0
"17" 4 15.7336937773859 0.0711671916794497
"18" 4 19.4314875212927 0.110604616577506
"19" 4 20.2702578385208 0.233492035417444
"20" 4 18.179656302098 0.2458537928954
"21" 4 19.6824460276761 0.329678474143842
"22" 5 10.8867971518212 0
"23" 5 14.3439052004511 0.0178607292601909
"24" 5 16.4242157659372 0.0808148061348367
"25" 5 21.8504696351159 0.137548014759731
"26" 5 23.2576387797342 0.197130099717156
"27" 5 24.5985670059744 0.203257362813799
"28" 5 18.6193194938762 0.217241411840355
"29" 6 8.88467653487995 0
"30" 6 16.7369639117374 0.0823084470109114
"31" 6 19.380572949661 0.267873493681133
"32" 6 19.5552499925287 0.275237869692339
"33" 6 19.0691541115969 0.339774117116732
"34" 6 13.7483378948071 0.441715367367177
"35" 6 13.8233161581961 0.451601349603703
"36" 6 3.41144841070917 0.613235239371539
"37" 7 12.9957415586854 0
"38" 7 19.7105482098369 0.0576375684192555
"39" 7 23.4513898702038 0.274869752609854
"40" 7 19.1611572198505 0.406704362946813
"41" 7 14.5215352577664 0.482059953137898
"42" 7 14.2277781995409 0.484850973171164
"43" 8 9.98252611848174 0
"44" 8 9.72692671535114 0.00197391632850609
"45" 8 20.0961160818467 0.122428703919894
"46" 8 23.3507956731179 0.252644677198695
"47" 8 16.6024741434914 0.373694536804654
"48" 9 7.62931994409769 0
"49" 9 9.55441135958979 0.0434895065582653
"50" 9 19.2177261401191 0.182159881127266
"51" 10 7.43706591903066 0
"52" 10 10.1126284453931 0.0501326969534511
"53" 10 18.9424071213498 0.169116742643879
"54" 10 18.4050774708005 0.205462030062154
"55" 10 15.4884613532622 0.352060418981585
"56" 10 7.3561519978355 0.522435640590516
"57" 11 11.7997078562151 0
"58" 11 22.1818220354121 0.242970578664857
"59" 11 17.9135452728925 0.316964178039408
"60" 11 15.7741339592304 0.447341011118405
"61" 12 10.9743449213775 0
"62" 12 25.2816625770837 0.261456739472374
"63" 12 3.59395284948748 0.574433429994142
"64" 12 3.15699407246342 0.732518025204006
"65" 13 10.4780915933006 0
"66" 13 20.0222444880468 0.159189072976732
"67" 13 22.5712451725634 0.186388510010615
"68" 13 19.8361753370571 0.267998498354987
"69" 13 21.8976748143693 0.287894901545014
"70" 13 17.9448790235102 0.34495703163849
"71" 13 16.5616164824216 0.395567840833509
"72" 14 9.5640403923415 0
"73" 14 12.8696119212402 0.010640180322939
"74" 14 16.2627086975412 0.0537127426000627
"75" 14 19.3777046924701 0.101006178930518
"76" 14 19.4334943491747 0.128340277252229
"77" 14 27.1870664627923 0.141668463775346
"78" 14 22.789128164347 0.162553845662262
"79" 14 12.2441204064443 0.464144252931165
"80" 15 8.04093479150171 0
"81" 15 11.3722310440608 0.0904762739912976
"82" 15 16.135106085289 0.155493050606333
"83" 15 3.12053670351648 0.581251003735425
"84" 16 13.102801045062 0
"85" 16 17.4187384805376 0.0686375601453189
"86" 16 24.3871521974632 0.276728540455231
"87" 16 13.338283848253 0.535746209344748
"88" 17 12.7541677386562 0
"89" 17 16.022389826936 0.0476494391125039
"90" 17 21.1192528209381 0.138104093421713
"91" 17 21.8311612639853 0.205284834055107
"92" 17 24.4481830018929 0.242051371295115
"93" 17 26.2864345783074 0.242742420740555
"94" 18 8.97067184056347 0
"95" 18 14.7304336264562 0.0737907826587442
"96" 18 13.9313907206562 0.12444325845922
"97" 18 15.6234102259936 0.131793584872252
"98" 18 15.1046011638877 0.21626546643048
"99" 18 22.0248207835906 0.277756702365705
"100" 18 16.1138657037769 0.296896548191078
"101" 18 14.6607991679055 0.377775517584551
"102" 19 10.329625643626 0
"103" 19 11.5688811082426 0.0916951389826198
"104" 19 21.8091890150929 0.180020385031042
"105" 19 20.2153986176317 0.21812342323474
"106" 19 20.1438712306987 0.246321510003772
"107" 19 22.4957202848879 0.303976418149451
"108" 20 12.0295557881404 0
"109" 20 12.9454519319235 0.0580841242159677
"110" 20 18.6602251888288 0.11334901790373
"111" 20 19.800835016823 0.137923351052213
"112" 20 19.2361095230594 0.225733220411741
"113" 20 15.2482502293603 0.36884003466571
"114" 20 18.7206221824364 0.406097440360316
"115" 21 14.4110976021801 0
"116" 21 19.4673013049362 0.142444518616873
"117" 21 18.6824507081633 0.157352862189091
"118" 21 24.2087964111983 0.190385398464972
"119" 21 22.2526874150609 0.332633767531867
"120" 21 20.1052486415962 0.354174249993023
"121" 21 13.9863617256584 0.478266748499477
"122" 21 9.93705152109175 0.540138323095391
"123" 22 10.5377934258746 0
"124" 22 14.5277848936676 0.0372122791555558
"125" 22 22.0952144210476 0.28245543824901
"126" 23 8.13552871386189 0
"127" 23 17.1581388822644 0.0983279601042574
"128" 23 20.1329300797784 0.172084627412536
"129" 23 20.5029032593543 0.226065696836777
"130" 23 22.1219649900174 0.324215127789607
"131" 24 10.5541482219143 0
"132" 24 12.9219567607391 0.0775909090755783
"133" 24 18.3895704193884 0.134735989998629
"134" 24 17.7932608597607 0.364976027605327
"135" 24 15.3539748956715 0.418721125492815
"136" 24 11.5284393290047 0.478038789338337
"137" 24 -0.0705764999928553 0.685975297650173
"138" 25 10.2040222128007 0
"139" 25 19.1589392126062 0.202247140203543
"140" 25 16.3493325730215 0.217746076921141
"141" 25 16.7009301284535 0.33047316271283
"142" 26 12.353411954468 0
"143" 26 13.1760210005155 0.0353798609735035
"144" 26 15.6572032562666 0.0884704772796914
"145" 26 22.4848239731918 0.194698013198824
"146" 26 24.2960900737244 0.242207587020612
"147" 26 24.0051355196425 0.312559785306068
"148" 26 1.07304627830168 0.740180385128336
"149" 27 5.79319791347599 0
"150" 27 12.3549910528683 0.0519714785315758
"151" 27 15.4192756325468 0.178086174005668
"152" 27 14.3479572674966 0.320465927204206
"153" 27 -1.12548023757998 0.84219905829822
"154" 28 7.99118378434813 0
"155" 28 9.56441104443155 0.123437875504427
"156" 28 14.5645594291508 0.166466416320009
"157" 28 10.3312766858575 0.39716050269464
"158" 28 3.95321014700134 0.531240581964604
"159" 28 -1.03899449537447 0.544688929118075
"160" 29 11.6394288617224 0
"161" 29 20.6471419805259 0.148565880115273
"162" 29 20.7863921564118 0.170092749133456
"163" 29 23.433402062925 0.328640409609572
"164" 29 19.8243370310158 0.378820603724142
"165" 29 15.7641207163893 0.388387697160038
"166" 29 14.9992330631058 0.450479736645876
"167" 30 10.0696629410559 0
"168" 30 19.4778854879965 0.111053170151482
"169" 30 16.6334378163518 0.150292918557637
"170" 30 17.53568531222 0.226725524171913
"171" 30 20.2120535815639 0.262057864600358
"172" 30 17.6204799078027 0.366399463065955
"173" 30 -3.87428438422964 0.752028669483856
