"id" "w_obs" "t_ij"
"1" 1 11.4998430743879 0
"2" 1 12.3379772909974 0.0551966864582212
"3" 1 14.8969618521915 0.109733676037318
"4" 1 16.0431001755222 0.146962575298481
"5" 1 20.4295491318193 0.204028823154465
"6" 1 13.6396757078254 0.398086936637809
"7" 2 13.6304813243162 0
"8" 2 18.3955411770524 0.0199630410248728
"9" 2 20.179385508792 0.0761182151061511
"10" 2 20.1978489506074 0.287665698322503
"11" 3 7.23513416080277 0
"12" 3 11.4367028070631 0.0448360207062829
"13" 3 14.3911096387636 0.0723264254073524
"14" 3 18.2506489395023 0.0851601757889305
"15" 3 4.23707445452175 0.603738058393983
"16" 4 12.3328165139728 0
"17" 4 15.9977567191091 0.0946399201906647
"18" 4 15.16750140951 0.127469177729839
"19" 4 17.4120675931155 0.134562919415179
"20" 4 20.3404259948086 0.253978824830848
"21" 4 12.6493532314659 0.485869327030107
"22" 5 13.7851659974335 0
"23" 5 17.1484357039055 0.0768877885828121
"24" 5 21.1803706424777 0.230766899234025
"25" 5 22.0194369559484 0.286102413704446
"26" 5 19.1993858058043 0.348355456186957
"27" 5 17.2811773356604 0.392888488644382
"28" 5 14.4030736076779 0.432645015562399
"29" 6 8.27950381580998 0
"30" 6 9.31134102446495 0.0313139751998357
"31" 6 11.1269758419634 0.0777453447002125
"32" 6 11.0921352337807 0.0833144741068871
"33" 6 12.4565986888333 0.104539309587227
"34" 6 15.5196257743193 0.164086933084947
"35" 6 16.1178066669804 0.3378868789133
"36" 6 2.22483938787117 0.563762358343186
"37" 7 7.78953923530962 0
"38" 7 14.2931252805719 0.0457849254655868
"39" 7 14.2262765892783 0.0464201022596101
"40" 7 14.4061678172568 0.073844480444051
"41" 7 14.7804993670544 0.117791011342702
"42" 7 18.8705766492366 0.282419894808864
"43" 8 5.61477741649461 0
"44" 8 12.2885624716338 0.106212941529031
"45" 8 12.6948591122594 0.177475166069324
"46" 8 9.33725355635105 0.421901699368187
"47" 8 1.57598787197084 0.539106995103459
"48" 9 10.5302816130745 0
"49" 9 16.0404717644248 0.194525723810009
"50" 9 11.2457142479682 0.507044339815724
"51" 10 12.3931531654825 0
"52" 10 17.3972616743912 0.0566801462072447
"53" 10 19.7526774309508 0.128767193780083
"54" 10 16.5384155421508 0.158098108547423
"55" 10 23.0150551162179 0.297528647119707
"56" 10 18.5173328345991 0.358164987864935
"57" 11 5.91553070935039 0
"58" 11 13.9933148741001 0.136077247330364
"59" 11 17.4517852884364 0.251637746243137
"60" 11 15.4437157544306 0.384075678242528
"61" 12 10.4257804660877 0
"62" 12 11.7110197111324 0.00604233420013899
"63" 12 11.9774002729028 0.00605229398142204
"64" 12 15.2396914862075 0.151573003801842
"65" 13 10.9448149551584 0
"66" 13 12.3253346999094 0.132224883896112
"67" 13 14.6866039796616 0.172949649589843
"68" 13 16.4556220253628 0.17300561812612
"69" 13 16.1066675363601 0.174210020439861
"70" 13 8.39142528215189 0.468868186332481
"71" 13 5.03695585207291 0.496127464500231
"72" 14 11.030199021683 0
"73" 14 12.5928687110624 0.0103946126304182
"74" 14 18.7972631181208 0.220778930115981
"75" 14 16.4566292171055 0.282335289794999
"76" 14 15.6911133601571 0.28591465460185
"77" 14 16.2149217545229 0.395046696509532
"78" 14 12.7129245792609 0.454899942621082
"79" 14 4.66486818919475 0.594692868005092
"80" 15 11.8561237735255 0
"81" 15 20.2673369614628 0.324899542162172
"82" 15 20.2924386550377 0.329669362201839
"83" 15 6.22430053429737 0.518274586593302
"84" 16 7.05769188195309 0
"85" 16 11.192027709121 0.0323442475258896
"86" 16 12.948156407938 0.0564726964933208
"87" 16 19.8401388340666 0.215278778566593
"88" 17 4.36853775398964 0
"89" 17 11.3282820123775 0.117134514171154
"90" 17 16.1275656427153 0.127691635324279
"91" 17 13.6009903073987 0.130281338412196
"92" 17 15.6342417975807 0.143944548607818
"93" 17 19.7399626155427 0.272030476393059
"94" 18 12.7081901797668 0
"95" 18 15.059088010632 0.0198442413790217
"96" 18 19.2949001434994 0.0869568007900905
"97" 18 23.601239528853 0.28669934890283
"98" 18 13.2802977837269 0.464889708454883
"99" 18 10.8540719222153 0.545484447016875
"100" 18 5.94863923861318 0.671091731195682
"101" 18 2.44286881151221 0.673266838695174
"102" 19 7.96403806246722 0
"103" 19 9.92440171517109 0.0192507330041357
"104" 19 12.4699440531705 0.034535028314685
"105" 19 12.4275414127198 0.079655482987209
"106" 19 18.5666456605321 0.173786075737094
"107" 19 20.6178604541034 0.285438548330344
"108" 20 10.5843382540789 0
"109" 20 14.8422454807883 0.0672565692582077
"110" 20 15.9026184949992 0.187098831506297
"111" 20 17.4283478582576 0.19689589586253
"112" 20 19.1459628672177 0.215346178564868
"113" 20 19.0692727622021 0.266330062543841
"114" 20 5.98736846747004 0.551435678123319
"115" 21 3.2486990260934 0
"116" 21 5.0176359019521 0.0105068994036348
"117" 21 4.84012604035577 0.0834807839219418
"118" 21 9.07036976913304 0.0946613014655584
"119" 21 10.1273222331035 0.145107875736361
"120" 21 11.1975280712443 0.183242298917448
"121" 21 16.4527450580694 0.216024950554125
"122" 21 10.5845391283254 0.296764755811506
"123" 22 10.981472555383 0
"124" 22 7.42585654425136 0.613775062287271
"125" 22 0.259424114861119 0.754639923370509
"126" 23 9.91746801174123 0
"127" 23 20.2071957992131 0.159297466194534
"128" 23 16.9076788432184 0.294972977535518
"129" 23 19.1621413801084 0.307657145791913
"130" 23 20.4060102890512 0.337219055293522
"131" 24 12.0564842184685 0
"132" 24 14.6722187712157 0.0734457203549796
"133" 24 21.3276669063781 0.161222795031806
"134" 24 21.7792271435508 0.200304551327512
"135" 24 19.1927396205439 0.319040248867271
"136" 24 18.3311980543767 0.400671460866519
"137" 24 9.16217387123314 0.51059654966989
"138" 25 11.255205191047 0
"139" 25 19.3527538018202 0.141115075715327
"140" 25 19.7148637016943 0.278548330836793
"141" 25 12.8725859057449 0.477798572936427
"142" 26 9.93254071856151 0
"143" 26 10.2487628167916 0.0135128605222941
"144" 26 17.6573794429921 0.244566798876995
"145" 26 21.9811982632631 0.300654902693195
"146" 26 11.7093542018008 0.465713536878065
"147" 26 8.66874378485467 0.520520992598226
"148" 26 2.94135954274787 0.865643428630624
"149" 27 13.9408381543205 0
"150" 27 11.1261752466045 0.0811235576999707
"151" 27 18.7655450080048 0.282554788168679
"152" 27 20.5588248859067 0.305392071582469
"153" 27 0.0564810014259813 0.641905361902874
"154" 28 5.6015546405363 0
"155" 28 8.77896574474779 0.0366334587601725
"156" 28 16.2359232907928 0.161357643941805
"157" 28 16.9574673160144 0.239756969701406
"158" 28 9.49575910962639 0.455033610517709
"159" 28 -2.656478279476 0.763990941012617
"160" 29 12.8919818117482 0
"161" 29 18.5129878827569 0.0986502400802831
"162" 29 19.8834186859066 0.193215019110464
"163" 29 21.1991864506441 0.201314653125886
"164" 29 16.0152915309754 0.201548969326585
"165" 29 21.436962664826 0.242280631897722
"166" 29 13.5229411130601 0.417154124734153
"167" 30 11.4790480891733 0
"168" 30 16.4258574573036 0.0553490722243187
"169" 30 17.8606264518742 0.077878958283442
"170" 30 17.1661117966274 0.147310554708357
"171" 30 23.3436971155522 0.220885477245601
"172" 30 14.5952255960899 0.401483207110954
"173" 30 3.96695198674459 0.621722780848464
