"id" "w_obs" "t_ij"
"1" 1 8.11997822259743 0
"2" 1 6.27312083911496 0.00718610193219301
"3" 1 15.2446243853453 0.0340087943212289
"4" 1 21.0534626282964 0.302337263195107
"5" 1 18.9528415911102 0.360139825116959
"6" 1 14.2373425706574 0.450504370288016
"7" 2 6.81685059283011 0
"8" 2 19.8734152581312 0.18749441783363
"9" 2 20.0932151883222 0.278996349378508
"10" 2 18.6229486934997 0.298848161718809
"11" 3 12.4184965604688 0
"12" 3 11.6793068751429 0.0324932595312152
"13" 3 14.8123906059532 0.0530513309913999
"14" 3 11.7821790832941 0.0630741255658117
"15" 3 14.6711983459504 0.388581995885136
"16" 4 6.61933676232625 0
"17" 4 15.0226583662288 0.147273669647162
"18" 4 12.438190532041 0.148532963215634
"19" 4 13.8029761818904 0.289036567135585
"20" 4 9.03357811618038 0.452890884006298
"21" 4 -3.804211697919 0.720861640864419
"22" 5 10.6109979937957 0
"23" 5 10.6020184946728 0.025121168322435
"24" 5 14.7526403355067 0.13713912695396
"25" 5 22.1645212972557 0.170466623390024
"26" 5 22.1885641575161 0.232682620476963
"27" 5 12.195981657191 0.429161683048218
"28" 5 4.39456658095962 0.531113167419924
"29" 6 9.1057249418902 0
"30" 6 17.0297528771657 0.0874426941207953
"31" 6 13.2848187231088 0.105774151046803
"32" 6 16.5936316931392 0.150431733329731
"33" 6 16.8080182400209 0.198658329532478
"34" 6 20.8185635680993 0.241796120624464
"35" 6 2.38183888742602 0.68215107155569
"36" 6 4.61446527946865 0.893623348716974
"37" 7 7.583841995268 0
"38" 7 11.4415373802555 0.0941100056011154
"39" 7 14.0302607780003 0.111251955197128
"40" 7 14.1522343799562 0.40887677695104
"41" 7 3.74520039752715 0.554026225851839
"42" 7 -1.62604695315866 0.638177164000027
"43" 8 7.59522534904955 0
"44" 8 9.73292087976319 0.00230863406463955
"45" 8 11.1474895999014 0.0597339771215248
"46" 8 10.5165488047005 0.147731478640402
"47" 8 16.1659676028638 0.307106836304787
"48" 9 16.4955690943926 0
"49" 9 12.7715628588616 0.0336811196937916
"50" 9 24.3102721136552 0.234782836952024
"51" 10 10.7903902371649 0
"52" 10 12.1524922216825 0.0206019243391455
"53" 10 13.0970176250145 0.117264733861807
"54" 10 15.8607850801363 0.135446659788342
"55" 10 18.585073424131 0.267527143123538
"56" 10 10.0121427394849 0.470820413986106
"57" 11 15.197014234543 0
"58" 11 15.3326744625116 0.0225067743212953
"59" 11 22.6523068737389 0.273361536564223
"60" 11 1.37294926300211 0.695572935913067
"61" 12 9.47709326153687 0
"62" 12 19.3009595763448 0.125401208268492
"63" 12 17.5601977259459 0.200559110299714
"64" 12 1.16896760920208 0.753867392249632
"65" 13 7.40490014635246 0
"66" 13 5.37793926202036 0.000559466736654268
"67" 13 11.2815633234209 0.0702836651321188
"68" 13 10.4853793809223 0.075407825650281
"69" 13 20.6546033352143 0.205291688740832
"70" 13 18.1823783637452 0.251519627827466
"71" 13 14.4169947977291 0.328828743868071
"72" 14 8.84470080609496 0
"73" 14 8.21947459813801 0.00182928984571138
"74" 14 11.8948683249744 0.0341189798600895
"75" 14 17.284812071933 0.129580873894423
"76" 14 17.341611732684 0.152668928703948
"77" 14 16.0770092318185 0.324937909149366
"78" 14 6.63365496614286 0.52530376233867
"79" 14 2.94002312853925 0.614338837440898
"80" 15 4.24062882064941 0
"81" 15 12.6028674063835 0.137194759948119
"82" 15 15.2082680601785 0.244357286864433
"83" 15 5.02659266284102 0.515276959182007
"84" 16 10.8783120383556 0
"85" 16 11.4774779026676 0.0268148605332346
"86" 16 14.9699610773175 0.0692906906710525
"87" 16 22.2525457779921 0.307759716611104
"88" 17 9.08207539370154 0
"89" 17 9.2871312535567 0.0221167394679104
"90" 17 16.8409935101761 0.15692398696478
"91" 17 17.9776105395729 0.318559714379502
"92" 17 14.2662673864343 0.40558508162741
"93" 17 11.7410628108371 0.457633099024319
"94" 18 13.946413712315 0
"95" 18 17.2333766921741 0.0430780251852712
"96" 18 24.7245938194443 0.226693045361477
"97" 18 20.1049462707094 0.237124289411151
"98" 18 20.3814752976755 0.335532493952818
"99" 18 17.8082643420637 0.412932265712365
"100" 18 9.51822657148859 0.527419521690225
"101" 18 3.42962713138303 0.736703624712459
"102" 19 12.3757972852873 0
"103" 19 12.6300701272439 0.00351532551875443
"104" 19 17.6350813708393 0.0320268146800159
"105" 19 18.8753048445876 0.0386383856349322
"106" 19 20.4134559860823 0.12676769856108
"107" 19 24.2052888661515 0.173738612713463
"108" 20 14.2053295084466 0
"109" 20 17.3537681474962 0.0265999450064118
"110" 20 24.7648056828042 0.152623209461155
"111" 20 24.441339752433 0.237773688137267
"112" 20 23.1466701984399 0.289519911449174
"113" 20 25.3194844396678 0.324107645321534
"114" 20 22.8171211511511 0.335526354877586
"115" 21 11.9147467765795 0
"116" 21 13.663315245725 0.0392537729530948
"117" 21 18.6441861820521 0.222240459416922
"118" 21 16.7181806100865 0.224892369046159
"119" 21 17.4037195480726 0.303213032387762
"120" 21 16.1159542629982 0.330415511230229
"121" 21 17.494385003622 0.352659487970771
"122" 21 -4.40970562064894 0.75042815121774
"123" 22 9.38284418399213 0
"124" 22 18.7369321780326 0.338855927426703
"125" 22 7.96110993199401 0.606180399011403
"126" 23 10.6416178517409 0
"127" 23 10.2735680674947 0.0385979952327244
"128" 23 12.4587718007068 0.110476500224513
"129" 23 16.2540314523826 0.148606966781947
"130" 23 19.6405212343203 0.26017389981225
"131" 24 13.7494608235112 0
"132" 24 16.2257613054947 0.0312295433272742
"133" 24 15.9163873010206 0.0518776302397955
"134" 24 17.9571668677013 0.153681107875583
"135" 24 19.0912939996198 0.165592349490606
"136" 24 21.0048295452527 0.167629189860493
"137" 24 15.2958785892569 0.373660540380949
"138" 25 10.4047036482992 0
"139" 25 11.8128396816062 0.0221934457971431
"140" 25 13.1373691245444 0.0814034802725918
"141" 25 17.0259072799798 0.12793629624251
"142" 26 11.081707794322 0
"143" 26 14.2935817787017 0.0416467879450667
"144" 26 14.7178289082323 0.0725964762688294
"145" 26 20.3635488767281 0.258783531630398
"146" 26 18.8285166166698 0.340721172331169
"147" 26 14.3661545369216 0.42519207471203
"148" 26 -0.053616015811341 0.650148539302411
"149" 27 14.8174352719149 0
"150" 27 14.4886746047358 0.0407872854999123
"151" 27 24.4313365473227 0.17019884254808
"152" 27 21.1847208453131 0.215330766888428
"153" 27 10.2541827146236 0.549900931571536
"154" 28 11.2314430780826 0
"155" 28 14.1059792468562 0.109574842277797
"156" 28 16.6177652585172 0.115417808262339
"157" 28 16.8533880521536 0.20884058738936
"158" 28 17.1292480248887 0.281177293453841
"159" 28 1.91972387848659 0.655053885978821
"160" 29 13.2437633313637 0
"161" 29 14.7115570841097 0.0654875156429806
"162" 29 17.5635222329866 0.0996737632604831
"163" 29 18.8260908880542 0.163055645160033
"164" 29 23.5758629553731 0.324703186755798
"165" 29 21.3226758885579 0.382550651820367
"166" 29 7.27143427722438 0.5825620036988
"167" 30 14.3441388634665 0
"168" 30 20.0386684672124 0.0776963733848321
"169" 30 22.5632750196366 0.170964389416525
"170" 30 25.6285643297119 0.221638797942828
"171" 30 24.6109389511295 0.240727052161551
"172" 30 20.9746680600286 0.36388920757119
"173" 30 22.2887939947284 0.380154540952926
