"id" "w_obs" "t_ij"
"1" 1 13.2923157717601 0
"2" 1 13.8955661802124 0.0704234044118772
"3" 1 21.404356112272 0.205011404371013
"4" 1 20.3319519884508 0.340940547368296
"5" 1 5.6063093829236 0.553081687816931
"6" 1 3.43087714815114 0.63280342885197
"7" 2 10.4051374342696 0
"8" 2 13.2734874593717 0.00865861721517557
"9" 2 15.6631229909052 0.0357108582612553
"10" 2 20.2816696486382 0.295493441122873
"11" 3 8.06489595820525 0
"12" 3 14.2513017169655 0.180561658311944
"13" 3 17.4634319576761 0.328166341240901
"14" 3 9.95018031105308 0.482732931647709
"15" 3 2.07965803020493 0.555006728261048
"16" 4 10.487801788919 0
"17" 4 13.9630008274028 0.064989656600129
"18" 4 20.0698063532053 0.139626150057617
"19" 4 22.8512020844247 0.193906308521897
"20" 4 22.0117154230976 0.202021642061168
"21" 4 2.85707101258057 0.808585859184958
"22" 5 9.46213796381962 0
"23" 5 12.9938179597615 0.0207593771787793
"24" 5 15.8772077052663 0.0533481103927725
"25" 5 17.5533520449087 0.100050159936972
"26" 5 16.7771138421395 0.117660253784755
"27" 5 15.4202986617303 0.157056784579439
"28" 5 7.99282180185858 0.53487239990723
"29" 6 9.76790903453984 0
"30" 6 5.78851009165164 0.0217778757676036
"31" 6 10.3483718939365 0.0232401037909198
"32" 6 13.2909783570356 0.0819944393223445
"33" 6 11.1953050900929 0.102648062654247
"34" 6 15.7328118930078 0.11611265670469
"35" 6 16.9218271014695 0.236163116338468
"36" 6 11.5243604374223 0.416066670966636
"37" 7 8.74014859497852 0
"38" 7 15.111715414591 0.0700006190824527
"39" 7 14.1468554190906 0.0818639834388037
"40" 7 15.2600210015962 0.136587170866322
"41" 7 14.3660104608883 0.160197492357582
"42" 7 6.53769979294902 0.555689368991328
"43" 8 7.76459784761235 0
"44" 8 11.02902162471 0.0161382200961655
"45" 8 17.2882844229847 0.269611240504834
"46" 8 16.5315537011318 0.41663110476084
"47" 8 1.49188533018691 0.606315799180542
"48" 9 7.02928981772278 0
"49" 9 10.1908578571368 0.0540649653579262
"50" 9 14.1301979327128 0.122649794706871
"51" 10 7.60428363722156 0
"52" 10 12.9926382680131 0.0447522196940175
"53" 10 14.728321851032 0.0449196112440052
"54" 10 22.40704170569 0.221771876001269
"55" 10 21.8920807612529 0.226406211541051
"56" 10 16.9855255490641 0.30969058259407
"57" 11 12.4680877000104 0
"58" 11 20.545810725895 0.238317219599193
"59" 11 18.9987431614895 0.252540876988392
"60" 11 16.6999646185713 0.406557074115392
"61" 12 8.41106786683611 0
"62" 12 10.6656741015175 0.0444794082658376
"63" 12 16.9903299701796 0.0916867175430954
"64" 12 15.1805542565963 0.0961968614949903
"65" 13 5.36653940957329 0
"66" 13 6.48449948969361 0.0222574044744459
"67" 13 13.6781889748356 0.0442784598337156
"68" 13 9.73570342479439 0.0444695542352516
"69" 13 13.7012962622888 0.0896120963850909
"70" 13 18.9800010561248 0.233460818283486
"71" 13 16.6939796506248 0.327735253780701
"72" 14 14.1850228096726 0
"73" 14 17.4971868015616 0.084902726348884
"74" 14 17.2069662314081 0.113160524876525
"75" 14 18.3330668781444 0.255743402024279
"76" 14 19.7067307441348 0.275682165904937
"77" 14 18.1827476604445 0.327064730694715
"78" 14 17.9767585433015 0.4025278301216
"79" 14 0.358321523805064 0.73176636475354
"80" 15 13.1519636188173 0
"81" 15 22.6267940627066 0.310240319946391
"82" 15 10.0031076134669 0.538158825405196
"83" 15 7.6483551553326 0.73313787520111
"84" 16 13.2989846108971 0
"85" 16 16.5338880855154 0.12273544243789
"86" 16 20.2054352395438 0.159709294856618
"87" 16 17.2827840016914 0.415387852615929
"88" 17 10.6438401262588 0
"89" 17 6.86442273983379 0.00804839071554712
"90" 17 10.5096593869857 0.0392672778200872
"91" 17 15.7523693746853 0.202461460973115
"92" 17 13.0439585767917 0.33494800793792
"93" 17 2.31617151120921 0.604918199224061
"94" 18 12.7182992900615 0
"95" 18 19.0633360487651 0.181962193006006
"96" 18 19.6296412614306 0.184276703625964
"97" 18 19.1713348660684 0.187836043322993
"98" 18 19.9693631501306 0.245704331326738
"99" 18 20.7831241296906 0.324148961950862
"100" 18 15.5705430979653 0.415775558592803
"101" 18 13.8625642763322 0.469635449200623
"102" 19 6.29898798403171 0
"103" 19 7.94033480207546 0.0152112343807313
"104" 19 11.7886769916482 0.0225895509573142
"105" 19 15.2824310202526 0.339426854820705
"106" 19 14.8206822601049 0.342996057006364
"107" 19 14.370802559368 0.358356676884526
"108" 20 9.47679091214232 0
"109" 20 11.2184105055283 0.0494668740450241
"110" 20 18.0793525139666 0.156582153299921
"111" 20 10.951307612032 0.444455535001519
"112" 20 9.46360211709476 0.487805990568174
"113" 20 6.50722201968957 0.510707466385075
"114" 20 8.60621903149579 0.511541028510418
"115" 21 10.5093855901302 0
"116" 21 17.8155259039281 0.0898182513600289
"117" 21 18.8905904397314 0.149071787452289
"118" 21 19.7738411856749 0.168697585704955
"119" 21 17.3817318855445 0.183772913156701
"120" 21 20.1943095732226 0.19649759307021
"121" 21 19.9335290209613 0.245991942012629
"122" 21 6.17282583478298 0.606940341886976
"123" 22 2.5505640517731 0
"124" 22 12.5058509214068 0.176839309163733
"125" 22 11.5192096330261 0.393559681987442
"126" 23 14.7211347092987 0
"127" 23 19.5204504351317 0.0959178229959569
"128" 23 20.0298145916341 0.0961047006205613
"129" 23 7.6801365746479 0.621640196267752
"130" 23 4.97721351628972 0.696505347826062
"131" 24 9.55762931096912 0
"132" 24 12.8826831901669 0.0583790545919527
"133" 24 12.4431193632985 0.0743163789618247
"134" 24 18.4489315844784 0.257932013564463
"135" 24 17.5353893811068 0.314731884460987
"136" 24 11.6715050032816 0.433114382183134
"137" 24 4.44794256258469 0.877457063867077
"138" 25 7.90268195249056 0
"139" 25 16.4705962964918 0.0640336222153996
"140" 25 16.9831259215586 0.118235712474641
"141" 25 18.2749451861454 0.368951685135854
"142" 26 10.5713917051634 0
"143" 26 16.1480775361849 0.0634148427984325
"144" 26 15.518326310776 0.0644086625607381
"145" 26 15.0384521258655 0.104398430251368
"146" 26 20.0615406694887 0.299876714476068
"147" 26 18.1803824109107 0.341510286370907
"148" 26 18.7632007482998 0.359034417502875
"149" 27 7.28502242283117 0
"150" 27 10.4928489688054 0.0265288617584661
"151" 27 10.5302540411969 0.0268070150290707
"152" 27 18.2396842203718 0.130911758480672
"153" 27 19.5471191371442 0.278619882033929
"154" 28 8.11784295039209 0
"155" 28 17.4890953231386 0.142738152381025
"156" 28 22.1606570604125 0.185134404722794
"157" 28 22.3523638097587 0.192127572008883
"158" 28 21.674177331462 0.219807757985016
"159" 28 19.3380162236627 0.234728875734036
"160" 29 13.8416364476651 0
"161" 29 17.8693878637416 0.0363609471629168
"162" 29 14.046074088813 0.0470051531222336
"163" 29 15.7125300633031 0.0522209642743825
"164" 29 16.5237272980733 0.0907591663156589
"165" 29 19.5921022582371 0.125030016731204
"166" 29 23.0140619272909 0.133572593585535
"167" 30 7.45257382911112 0
"168" 30 17.2276628584198 0.205282719875719
"169" 30 14.1309542524867 0.23463302672075
"170" 30 16.9721421041175 0.348811059707949
"171" 30 2.68432764387585 0.506693049193515
"172" 30 0.793044044811951 0.600017135810686
"173" 30 0.503683675991157 0.602832717065376
