"id" "w_obs" "t_ij"
"1" 1 5.1705791533223 0
"2" 1 8.28765453821313 0.00846946198918868
"3" 1 5.79195122466141 0.0521455518529477
"4" 1 8.90621887923583 0.120032064631909
"5" 1 12.8263047874171 0.122614654036608
"6" 1 10.9683101300438 0.381333459543708
"7" 2 14.3332578886364 0
"8" 2 14.6107654940488 0.0277032531972052
"9" 2 20.2137173568272 0.160739734530248
"10" 2 20.4671043147273 0.295300192259684
"11" 3 9.11193981125128 0
"12" 3 12.7717706984357 0.0248260222703254
"13" 3 19.1119061427481 0.218032379935285
"14" 3 18.0861191939488 0.346347484495215
"15" 3 9.68620881678519 0.465400764544606
"16" 4 10.0060840901094 0
"17" 4 12.8902758528071 0.0658092816504997
"18" 4 17.5693028993299 0.0801157881678625
"19" 4 16.2917235042688 0.265897032782098
"20" 4 3.94935996615148 0.622977545965418
"21" 4 0.978817122162802 0.720514116439252
"22" 5 8.84691541396565 0
"23" 5 16.0379463162349 0.0557024668006733
"24" 5 14.8570070866472 0.0574521362941296
"25" 5 19.5265834350262 0.202325065700729
"26" 5 18.7768088880921 0.296787507392819
"27" 5 19.2637438432547 0.341953623450775
"28" 5 5.98484263379687 0.54278378009933
"29" 6 10.4849897694464 0
"30" 6 12.8716511792903 0.0971987247106363
"31" 6 21.5508265068947 0.217496148587218
"32" 6 16.131887799301 0.218289205019029
"33" 6 20.4194147275764 0.222809533359246
"34" 6 14.6885880280218 0.398442050044842
"35" 6 2.90576085740913 0.571216128822137
"36" 6 -3.04493606540504 0.651730305264229
"37" 7 14.6690713096471 0
"38" 7 16.6156804714551 0.0630709273281964
"39" 7 25.2294243838016 0.178473103232823
"40" 7 25.5033246004548 0.220518513106512
"41" 7 20.7600020120119 0.225780290540616
"42" 7 18.224643149759 0.4307740449145
"43" 8 11.2004343349996 0
"44" 8 14.067303289072 0.0176292347115784
"45" 8 13.0915160216399 0.0613071086294794
"46" 8 15.6848817680536 0.11231432476945
"47" 8 0.165819585737049 0.791181581401427
"48" 9 7.66084215414748 0
"49" 9 12.0255571193851 0.367968980843573
"50" 9 13.294776480133 0.40289700875636
"51" 10 10.7596029103891 0
"52" 10 12.2550141190054 0.0110487810092037
"53" 10 14.2000534263437 0.0185792089615631
"54" 10 21.0454999639447 0.148053380479218
"55" 10 20.8521923331007 0.17355908225452
"56" 10 19.3855840720938 0.34594693952706
"57" 11 11.2915888855789 0
"58" 11 19.4667233658325 0.122921423399686
"59" 11 21.8455772708143 0.278858881844702
"60" 11 3.0400309963924 0.679541685598325
"61" 12 8.14484051497183 0
"62" 12 14.1258042225544 0.139716903589896
"63" 12 9.51079233880814 0.466886933947069
"64" 12 -0.0720540724772412 0.650337626583889
"65" 13 13.4941878930154 0
"66" 13 15.385694340073 0.0373971963597362
"67" 13 16.3056400801598 0.0634841445565502
"68" 13 21.1608784297693 0.147169158815221
"69" 13 23.1719487362061 0.179310008769776
"70" 13 15.8988947143935 0.453878788116817
"71" 13 9.98637661477493 0.517948172867317
"72" 14 10.5427449596957 0
"73" 14 16.5839176834675 0.0821487947682137
"74" 14 13.9094891969961 0.0855656960646735
"75" 14 17.6386312709878 0.158487987411907
"76" 14 18.4194075531828 0.283739912906761
"77" 14 19.1544154779068 0.314206672834489
"78" 14 18.6564314783377 0.368335146949842
"79" 14 1.30817392308426 0.654199933713574
"80" 15 14.4337570825642 0
"81" 15 14.0575446710081 0.0816785283843615
"82" 15 19.2684114887047 0.120178229431005
"83" 15 21.5418557998951 0.180963271518069
"84" 16 9.2038564984334 0
"85" 16 15.2972944958304 0.0772777466023717
"86" 16 14.6121152234004 0.0925063125661759
"87" 16 17.2371003790635 0.251815323120797
"88" 17 8.95464712394465 0
"89" 17 13.7729955073631 0.0109166471685881
"90" 17 11.3844987183316 0.0189975938039462
"91" 17 16.604316646504 0.0786092903765934
"92" 17 16.4469836744205 0.101991047780662
"93" 17 19.3294435746752 0.340471096219348
"94" 18 15.3655056464236 0
"95" 18 11.2805429535285 0.00157814010647787
"96" 18 20.7788669176263 0.22160607386863
"97" 18 16.4465393108453 0.315079512052749
"98" 18 17.6884143601532 0.347230937738959
"99" 18 20.9776911963591 0.354139111482764
"100" 18 15.2025919364885 0.433236137591024
"101" 18 0.667423004712324 0.728368930337129
"102" 19 15.3540826710409 0
"103" 19 24.290742057657 0.154148524970201
"104" 19 20.12255211639 0.198438913450088
"105" 19 23.6445643725449 0.248145827075652
"106" 19 17.3021884115538 0.4355871263099
"107" 19 13.1701249931361 0.509574666867112
"108" 20 15.0382431246795 0
"109" 20 13.2498971245379 0.0405917520513779
"110" 20 20.7600359125655 0.169471796572
"111" 20 20.2957550135251 0.219740516871403
"112" 20 26.8769715948103 0.238520322603146
"113" 20 10.4120289197084 0.533822841903603
"114" 20 3.01893325527127 0.64718274893073
"115" 21 7.28479160501884 0
"116" 21 8.05337066882618 0.0105834579104772
"117" 21 9.62336062910144 0.0463559426452164
"118" 21 15.630934478459 0.127222581748522
"119" 21 13.6278612751502 0.178340797291799
"120" 21 19.9794638450167 0.215026923172288
"121" 21 16.1793684313595 0.317070552055438
"122" 21 6.4018957333316 0.523193765812905
"123" 22 12.842117845449 0
"124" 22 13.4704477124172 0.0780354287580711
"125" 22 2.80647016396177 0.740391781631365
"126" 23 7.90357327351751 0
"127" 23 11.2474253033413 0.00445083781078067
"128" 23 15.6434553807397 0.0991677754868883
"129" 23 16.0818953926228 0.284078131598629
"130" 23 16.8452617074165 0.313073451962674
"131" 24 9.03382426819564 0
"132" 24 12.3854898681125 0.046321123995001
"133" 24 18.3613580161166 0.112515853088691
"134" 24 15.1966519212832 0.113707556515255
"135" 24 24.3032331113013 0.221567696816744
"136" 24 19.659240961861 0.269588947645617
"137" 24 7.79841668796541 0.538652967855934
"138" 25 13.1214098497116 0
"139" 25 15.0699555746043 0.0565496663272012
"140" 25 17.0680123072818 0.129003564238321
"141" 25 19.0680873316722 0.153005146821114
"142" 26 12.685754770493 0
"143" 26 9.57193698059092 0.0015602150269484
"144" 26 19.2225399005622 0.119232255906704
"145" 26 19.1875655468874 0.140286748240512
"146" 26 17.8104151484922 0.185477696255157
"147" 26 22.2715175855008 0.211657084272363
"148" 26 8.73891725740059 0.509660150196937
"149" 27 7.8915284665209 0
"150" 27 9.61774338932856 0.00462325822420382
"151" 27 14.1771609147049 0.438935101854118
"152" 27 11.8512335483277 0.444188398728119
"153" 27 12.0652412340965 0.462408052537513
"154" 28 9.10505536984342 0
"155" 28 22.8791436844088 0.152097008169405
"156" 28 20.6696991334686 0.302572434496425
"157" 28 23.1252393640339 0.344154241740825
"158" 28 19.4430798166837 0.390135502275784
"159" 28 13.0177177073669 0.486739492873046
"160" 29 12.136868786747 0
"161" 29 13.91558296159 0.0852731179582247
"162" 29 17.7274529829561 0.10517684962281
"163" 29 19.7110645983252 0.233295824678894
"164" 29 19.2376025648912 0.245854270577244
"165" 29 21.1004675721659 0.33194562162938
"166" 29 17.6306075824751 0.431106162040354
"167" 30 9.08487965262381 0
"168" 30 10.1258729956178 0.0184510335526759
"169" 30 17.9471467661461 0.158034881402701
"170" 30 16.5921977663936 0.181705576907154
"171" 30 18.2834879966116 0.240263945498634
"172" 30 17.0859993069742 0.293261325220958
"173" 30 0.993364301141475 0.600211475969103
