"id" "w_obs" "t_ij"
"1" 1 12.1738033087595 0
"2" 1 16.192058523924 0.0144421270462124
"3" 1 14.291694751196 0.0287225603932118
"4" 1 20.9081222441281 0.387843087410199
"5" 1 17.7557907250854 0.45948587157384
"6" 1 4.36830328510352 0.670153244588352
"7" 2 13.7581246195653 0
"8" 2 19.3450450782739 0.128357596497134
"9" 2 20.9569679269075 0.172959432312057
"10" 2 4.96619476519732 0.638452916534215
"11" 3 11.6420917260397 0
"12" 3 15.1362292789205 0.0354528573835953
"13" 3 28.3925212454551 0.278019318705043
"14" 3 13.502062063124 0.450458330208636
"15" 3 4.68743240049144 0.613429670150745
"16" 4 7.43420742160577 0
"17" 4 9.54901621446339 0.0241943119553156
"18" 4 8.11861817065679 0.0677158501107133
"19" 4 17.4811170653726 0.153851903859793
"20" 4 12.9952381942825 0.494655155085236
"21" 4 -1.39770587042258 0.613658349848302
"22" 5 8.21378186586918 0
"23" 5 13.8600840306976 0.0168380496264475
"24" 5 9.98732726545554 0.0334945476229247
"25" 5 15.958726681017 0.107034124728625
"26" 5 15.82515956937 0.146344232510291
"27" 5 22.8325815928989 0.19867425394127
"28" 5 1.92089047300349 0.71655239137807
"29" 6 5.12449292074636 0
"30" 6 10.9947337171571 0.0483837103240305
"31" 6 17.7933939803711 0.143458546630371
"32" 6 16.5984155184221 0.234009097830003
"33" 6 19.1506393019031 0.276172854943763
"34" 6 17.1012875443875 0.300678797051881
"35" 6 16.1258122129079 0.318630893555468
"36" 6 2.55443550354973 0.590945780772277
"37" 7 11.6966722289418 0
"38" 7 19.6354132107277 0.180595644044674
"39" 7 21.2576244676544 0.302564353515684
"40" 7 18.7303096366362 0.393489110957178
"41" 7 4.36897550554089 0.599936441509188
"42" 7 2.18110484918565 0.804039243420437
"43" 8 6.703746540567 0
"44" 8 16.8078020263367 0.0857635760211844
"45" 8 17.4663858304935 0.166535969788023
"46" 8 8.57689972021457 0.49169392711003
"47" 8 -2.26333083035617 0.807538262377101
"48" 9 5.05096095071636 0
"49" 9 9.41332969839688 0.108809365954157
"50" 9 16.8984795240456 0.253956766096894
"51" 10 7.19236350973505 0
"52" 10 3.52599746654983 0.0031419084683512
"53" 10 12.0338543559997 0.16396765933675
"54" 10 15.0717556194277 0.174982880465076
"55" 10 16.4986525633979 0.228239406203058
"56" 10 14.1352637682517 0.283269048288435
"57" 11 10.1054206719705 0
"58" 11 15.0445292520088 0.139430371185955
"59" 11 19.8469439400391 0.217550251223078
"60" 11 11.5650754348613 0.435646165248048
"61" 12 13.3346516290125 0
"62" 12 12.9029972889992 0.0435919476183943
"63" 12 16.5589533494134 0.0798304372880345
"64" 12 18.1243205250419 0.0819915033948671
"65" 13 7.00177163340114 0
"66" 13 8.30861785216311 0.0277201698463209
"67" 13 14.0487087370788 0.0482590704386615
"68" 13 12.4089982944857 0.0936038414071885
"69" 13 16.2284240236582 0.148915925954075
"70" 13 16.7297549563076 0.255971928890853
"71" 13 18.4040202796965 0.262299758911663
"72" 14 9.36617153378809 0
"73" 14 11.0776469785711 0.0257459717055277
"74" 14 11.4516290725145 0.0451188944863418
"75" 14 11.3951600038679 0.0487889839501453
"76" 14 17.1423839238607 0.108267744179869
"77" 14 16.3275103067504 0.12566510785674
"78" 14 17.3680791186156 0.352349024430168
"79" 14 13.1185672791021 0.387930097356672
"80" 15 9.95629919835406 0
"81" 15 10.9181062831947 0.0191591869314738
"82" 15 20.8615767144403 0.193395195807572
"83" 15 21.0232474554705 0.212129689219615
"84" 16 16.8437033947199 0
"85" 16 18.0145997658308 0.0247536705410398
"86" 16 20.2554995337283 0.0680628134287514
"87" 16 24.7919305178194 0.138642347417599
"88" 17 9.21974805557105 0
"89" 17 9.7535770711822 0.0463919400834973
"90" 17 12.1585925274731 0.0620237596851524
"91" 17 17.1046411017616 0.136413960663836
"92" 17 18.1830178594079 0.252399114932535
"93" 17 16.6244878397708 0.317928526303439
"94" 18 11.6976772054844 0
"95" 18 9.90080972443848 0.00134285408319669
"96" 18 10.884476879496 0.0381746095848539
"97" 18 13.7538410372557 0.0565003477457865
"98" 18 14.0958017078824 0.0678617194551397
"99" 18 16.8132006187482 0.162429672048983
"100" 18 17.5703896277967 0.200552262738513
"101" 18 11.1904602527888 0.515501052699814
"102" 19 11.7817007648174 0
"103" 19 11.6681677477113 0.00992684551105237
"104" 19 15.063334745719 0.0498440131139655
"105" 19 18.9490107867156 0.167171217296121
"106" 19 25.3452595545095 0.208044703933513
"107" 19 21.2292152008436 0.249854950585317
"108" 20 10.4394057584956 0
"109" 20 13.7069717601506 0.0139729556219755
"110" 20 12.8265425971714 0.050329477006101
"111" 20 19.759754789731 0.359900100488965
"112" 20 13.7537637944767 0.416726831250984
"113" 20 11.9568631243064 0.462450597023475
"114" 20 2.36576604847308 0.557335687493043
"115" 21 7.34797218484499 0
"116" 21 6.65267465221785 0.00153859347221652
"117" 21 6.40967599734279 0.00218267197206231
"118" 21 10.5832516083903 0.0457917251996003
"119" 21 13.4338153341918 0.0744255763623888
"120" 21 13.6351939322221 0.0980250977345077
"121" 21 16.5501992129459 0.158100072999314
"122" 21 19.3770341781809 0.23866731010535
"123" 22 11.4663128574764 0
"124" 22 21.3958012091524 0.118964141689549
"125" 22 18.5921608865457 0.285553370445857
"126" 23 6.45036144390321 0
"127" 23 11.9465524679007 0.0945310426237093
"128" 23 17.3985449014007 0.308744658571494
"129" 23 7.75188434737802 0.478880344644646
"130" 23 -1.61595860226066 0.732872943425156
"131" 24 8.91883174092048 0
"132" 24 14.5815334605587 0.00245572803834608
"133" 24 15.2809640392374 0.082315384179262
"134" 24 18.083678585426 0.211615104800035
"135" 24 17.7399094280762 0.311987588841127
"136" 24 17.315135359224 0.333456125695864
"137" 24 4.19455109880692 0.617432725815082
"138" 25 9.99218268759926 0
"139" 25 14.0654257185639 0.0921106511047297
"140" 25 16.2038771120003 0.135171027132621
"141" 25 15.0514826393058 0.383672107351275
"142" 26 7.91678407865482 0
"143" 26 9.43977459710666 0.00652322973545002
"144" 26 11.5096433049381 0.0623673683451845
"145" 26 13.594708804557 0.0658637847331845
"146" 26 12.3211030440088 0.0745036393216698
"147" 26 19.4012736785581 0.162891293124656
"148" 26 22.2440546717574 0.304829741388512
"149" 27 11.0417230169199 0
"150" 27 12.6824770839548 0.0122570260988317
"151" 27 20.8903708432448 0.178927582278163
"152" 27 21.3931229359459 0.230306995741597
"153" 27 8.59638164833766 0.5525641621842
"154" 28 11.8117593885893 0
"155" 28 11.9496491345448 0.0275462888491472
"156" 28 17.2294916887044 0.0863208783301835
"157" 28 18.4062114902378 0.12713424366242
"158" 28 20.5416255673078 0.362873815403352
"159" 28 13.6462341755704 0.423666841710931
"160" 29 10.4500546536465 0
"161" 29 12.2894342918208 0.0161206974180713
"162" 29 10.2491507057569 0.0193631082186307
"163" 29 14.5943265022887 0.0502012572954114
"164" 29 19.7277744741899 0.200152584977267
"165" 29 3.10097948124018 0.577809740947914
"166" 29 0.437752157110394 0.661912476754896
"167" 30 7.95055967465129 0
"168" 30 8.8353753844521 0.038104727576602
"169" 30 10.9923640302745 0.118806590722254
"170" 30 12.8222693021833 0.126073789859939
"171" 30 14.0568745525937 0.139495937929584
"172" 30 12.6571501120475 0.170344768326105
"173" 30 0.850337666686153 0.604879167021211
