"id" "w_obs" "t_ij"
"1" 1 16.4162279478149 0
"2" 1 21.1351806628301 0.112463348202971
"3" 1 20.2381477580634 0.12343490521822
"4" 1 23.9203920179145 0.223386055678747
"5" 1 26.2074274431693 0.275565493177506
"6" 1 27.5646916995851 0.288381279257144
"7" 2 5.65004609423807 0
"8" 2 8.83577838988531 0.0817027711358679
"9" 2 16.8759339334875 0.144498658476006
"10" 2 1.48920878839909 0.604926601716396
"11" 3 8.02353413387726 0
"12" 3 11.2904332901491 0.0375777949040163
"13" 3 10.2676733980018 0.452155165365042
"14" 3 -0.954981169096737 0.65328657514557
"15" 3 -3.29256238526634 0.680834756948842
"16" 4 13.9221581477773 0
"17" 4 13.6099060541554 0.0689407953091604
"18" 4 20.6059874114192 0.129660658360179
"19" 4 21.5674467165409 0.142653939413965
"20" 4 26.6538495384013 0.274385617443601
"21" 4 18.5738910837506 0.387566275092185
"22" 5 12.2751461667486 0
"23" 5 18.5472714935058 0.105701976796885
"24" 5 19.2078131379526 0.125483891955385
"25" 5 17.1483708911777 0.159183529744536
"26" 5 24.2372562595553 0.24162335293722
"27" 5 20.6808497582171 0.364656817243475
"28" 5 17.9803962474241 0.429034878185409
"29" 6 10.2749410795975 0
"30" 6 18.8483223990557 0.243612167196236
"31" 6 17.1143401945452 0.284224469768062
"32" 6 16.947280772643 0.369520291772531
"33" 6 13.8029579725005 0.409975903609393
"34" 6 12.8129619005579 0.428344400253105
"35" 6 1.37948497962925 0.601201651194309
"36" 6 2.60191300753908 0.611626190951751
"37" 7 10.5358561300717 0
"38" 7 9.11974790352518 0.017561667982073
"39" 7 17.5056527482401 0.215013679429572
"40" 7 18.0569420407984 0.232477332524746
"41" 7 8.98257292398292 0.491463351057718
"42" 7 -0.618821315793825 0.668330038500265
"43" 8 12.202123857523 0
"44" 8 11.0174887175818 0.010480365148846
"45" 8 11.6869341821614 0.0253431237894797
"46" 8 15.3589051484907 0.364085574015067
"47" 8 8.57122427617241 0.509656689318703
"48" 9 12.006774358733 0
"49" 9 15.5815104833506 0.0555759173511821
"50" 9 23.9071000777179 0.168517100394816
"51" 10 4.12615118907343 0
"52" 10 12.6041950947677 0.122941764336202
"53" 10 9.19077456538281 0.402879982713141
"54" 10 8.10177029157818 0.431719793299465
"55" 10 -2.83203790123898 0.571312490085981
"56" 10 -3.83695250445494 0.582515976830873
"57" 11 9.78025285627468 0
"58" 11 13.2156549889718 0.0485880749518161
"59" 11 14.8019505181095 0.112607941245264
"60" 11 -1.075336122284 0.654220792106241
"61" 12 18.6076360016765 0
"62" 12 24.0960787525024 0.194468857290212
"63" 12 25.5510876906728 0.198385013903512
"64" 12 24.0242343129905 0.322327444595515
"65" 13 4.91584148549906 0
"66" 13 7.426691407825 0.010681672394467
"67" 13 14.9904707832134 0.115217525931837
"68" 13 21.0512616720943 0.301167103708505
"69" 13 14.455662689492 0.434693271498788
"70" 13 7.35176447665172 0.467919515089066
"71" 13 3.46666443413545 0.624034693769032
"72" 14 12.2453543251967 0
"73" 14 16.9954970613876 0.00286944415023377
"74" 14 19.2577747002303 0.15079387791403
"75" 14 21.0205468928377 0.160502449241597
"76" 14 24.8915151704348 0.179768030947334
"77" 14 16.1717216129935 0.430660288138138
"78" 14 15.9255148468071 0.481429595275212
"79" 14 13.5499479514732 0.530396221374369
"80" 15 12.7186552487628 0
"81" 15 23.419635785437 0.275318279807791
"82" 15 22.2710558865499 0.35033801660121
"83" 15 5.62839295413909 0.764735621329534
"84" 16 10.1789692451065 0
"85" 16 6.17851260855748 0.00212098994209745
"86" 16 17.717001330425 0.157855099899214
"87" 16 14.6978173086929 0.423797893764914
"88" 17 10.0221012926028 0
"89" 17 13.5443262128374 0.0410233264447348
"90" 17 21.9787000985824 0.151388859608325
"91" 17 20.9811816649933 0.20732316753556
"92" 17 20.4873214459806 0.39002320200744
"93" 17 12.6154967346585 0.520862906831881
"94" 18 13.7518837622423 0
"95" 18 15.2302013711813 0.011806449659963
"96" 18 16.0943363933158 0.0731741262745648
"97" 18 18.1446778040863 0.152836496860916
"98" 18 22.3941345072075 0.229458301881713
"99" 18 22.0975724226079 0.245752955454258
"100" 18 24.8705435086371 0.346200320907402
"101" 18 9.78397129740605 0.571115853523031
"102" 19 10.6745215856135 0
"103" 19 9.5546860438775 0.0102181226571986
"104" 19 14.5589663186435 0.0154474158969982
"105" 19 20.9630344794684 0.192749634430519
"106" 19 18.1436106638894 0.321241951521887
"107" 19 19.2114080280395 0.372709473035054
"108" 20 9.93631194872587 0
"109" 20 19.1334145073186 0.108758883039937
"110" 20 19.3115989439051 0.119595997186609
"111" 20 18.4831527858452 0.125472375067222
"112" 20 19.485130923336 0.12823914870268
"113" 20 20.6408235673185 0.162335740038313
"114" 20 11.4901990291628 0.557833091530086
"115" 21 11.8969779297253 0
"116" 21 11.1865540895923 8.73853568146566e-05
"117" 21 12.9961694114556 0.019351658344335
"118" 21 16.9978875823273 0.101819490024528
"119" 21 18.9792196956772 0.327985712223735
"120" 21 10.9727088819435 0.51823871311748
"121" 21 1.50467854845519 0.675707851511493
"122" 21 2.49338833661411 0.81533927392943
"123" 22 6.92341044234289 0
"124" 22 10.4115414598436 0.0473829364756717
"125" 22 12.0372134640997 0.0529781399017022
"126" 23 11.0717153700083 0
"127" 23 10.0756601432728 0.0198023203599098
"128" 23 13.600241027876 0.0936898097102544
"129" 23 20.0514505125268 0.288874179196217
"130" 23 13.7487308857115 0.461501282941714
"131" 24 5.99170497060067 0
"132" 24 8.42536394416319 0.0164928875027103
"133" 24 16.4892125784696 0.173740137996773
"134" 24 16.6785032788481 0.286043213738279
"135" 24 19.1452359207411 0.308602512019763
"136" 24 14.328582978722 0.360974357087337
"137" 24 -5.99755987474871 0.717430354370285
"138" 25 9.32467614485759 0
"139" 25 16.5595748761956 0.161236973104956
"140" 25 6.8284927645532 0.512996408754549
"141" 25 2.59802886991402 0.562664083326032
"142" 26 5.09807900655023 0
"143" 26 7.87491112601556 0.0447104170962595
"144" 26 14.4683057646083 0.181492195647236
"145" 26 15.4309179900806 0.229581996842561
"146" 26 20.0160452441912 0.264238079132567
"147" 26 16.5699169739144 0.267202798892396
"148" 26 -4.03672854506237 0.664361450861738
"149" 27 14.1307788261877 0
"150" 27 12.2682187322498 0.00613194229062419
"151" 27 19.5450053147295 0.140747919041136
"152" 27 16.7188562268565 0.249589529501818
"153" 27 20.6707258285328 0.249670539718165
"154" 28 9.31697299153567 0
"155" 28 17.3899580749541 0.0725697906628237
"156" 28 16.4707489437157 0.0856438056275811
"157" 28 15.8805476573593 0.130103924689859
"158" 28 19.9679539886141 0.280975851212427
"159" 28 13.1087133560535 0.463608399921709
"160" 29 17.7578737391629 0
"161" 29 16.4639422313036 0.0227694019400139
"162" 29 17.3114365614757 0.0344750703085096
"163" 29 22.1270861765992 0.121794540911016
"164" 29 22.8832363774317 0.393255006747203
"165" 29 7.96776979920636 0.619188862688222
"166" 29 2.19143158757557 0.775560911051002
"167" 30 8.32614340032778 0
"168" 30 8.8283912237182 0.0279907052314985
"169" 30 8.92597114791684 0.0451965543341801
"170" 30 17.9236490706748 0.169983433792238
"171" 30 17.8676230071696 0.257355101877292
"172" 30 17.673371659596 0.311578972401106
"173" 30 0.985415006504791 0.655582483984383
