"id" "w_obs" "t_ij"
"1" 1 8.66653026801231 0
"2" 1 18.6596348823725 0.292262398058766
"3" 1 20.9893630902287 0.350729482310148
"4" 1 14.4564682113679 0.414726709452069
"5" 1 11.5056571101507 0.46335241174715
"6" 1 0.974671858795472 0.616548301010028
"7" 2 12.0066342344526 0
"8" 2 20.2035293609373 0.231001608429782
"9" 2 17.2810448123271 0.233169365621296
"10" 2 18.6727849467264 0.299625096856282
"11" 3 11.126070629733 0
"12" 3 9.80034369656158 0.0113428762854714
"13" 3 16.5626311720164 0.0552605425043353
"14" 3 16.6956596587938 0.0596760191871824
"15" 3 19.7522984457488 0.241172164186308
"16" 4 6.9444841318237 0
"17" 4 8.2082637216179 0.00965548001674884
"18" 4 10.6584683667714 0.0641861791934482
"19" 4 5.82850417335488 0.511999148100249
"20" 4 1.12266143191206 0.569147280810535
"21" 4 -1.56167341760691 0.850897657034707
"22" 5 5.01863501144471 0
"23" 5 11.5840252808631 0.110173018176787
"24" 5 14.8866702266985 0.159046071278782
"25" 5 11.3935117445356 0.168741231356426
"26" 5 10.7548208111464 0.177768415280755
"27" 5 14.0673785881166 0.237625947818863
"28" 5 9.75275250030818 0.400000229161291
"29" 6 7.03457469538346 0
"30" 6 6.57157925249534 0.0246548715796096
"31" 6 9.99614442444969 0.0323652026404363
"32" 6 14.0992329527322 0.0843811930903457
"33" 6 14.5328682424328 0.105697305285618
"34" 6 15.6441846727703 0.138297209048877
"35" 6 -2.81353365904484 0.614583014205646
"36" 6 -4.05121864835744 0.83470809610984
"37" 7 6.99934020537253 0
"38" 7 9.13766700909517 0.0407985032217985
"39" 7 18.4544706030186 0.262695279278191
"40" 7 17.2752735866022 0.298030745039871
"41" 7 12.6991077471991 0.391430606722613
"42" 7 -0.0812800212641629 0.646480524300261
"43" 8 7.60680853597271 0
"44" 8 8.00769546638577 0.0155323043952829
"45" 8 17.1595170017481 0.217215242314943
"46" 8 15.8143387877672 0.285835444035101
"47" 8 16.722027683538 0.313824859578008
"48" 9 8.53980233987568 0
"49" 9 18.9426678601038 0.165704875254161
"50" 9 16.6509876372762 0.336566779865465
"51" 10 10.7953210285071 0
"52" 10 19.5997963361889 0.184469260266436
"53" 10 11.2390523684163 0.510208899356082
"54" 10 10.097729727368 0.511763421974841
"55" 10 9.96960849778487 0.528806842558215
"56" 10 6.64713694482079 0.566585261588702
"57" 11 9.01365419908684 0
"58" 11 12.5178008497041 0.1302318182019
"59" 11 14.019625374958 0.344085342945207
"60" 11 10.8087194900046 0.394094021901293
"61" 12 14.5388551534536 0
"62" 12 17.5285233364853 0.0842807447387722
"63" 12 12.9511523492593 0.508707155698074
"64" 12 8.10593870527522 0.557297633031289
"65" 13 7.41588029286531 0
"66" 13 10.6692147122349 0.0666289403989883
"67" 13 13.6748782651615 0.135871997934709
"68" 13 17.7118629045833 0.27554838920515
"69" 13 16.0862653966586 0.365308919812487
"70" 13 7.97080428355443 0.552915206146798
"71" 13 3.63970188050615 0.592759975659408
"72" 14 12.7617236739656 0
"73" 14 13.2942423493543 0.0112098874369721
"74" 14 12.8090637965483 0.019696508751055
"75" 14 14.4935968584584 0.0317833363892364
"76" 14 19.7251997716491 0.138563479544422
"77" 14 21.4947644181416 0.332196710906003
"78" 14 20.99102130741 0.353567870660143
"79" 14 15.5323560698895 0.458445082409392
"80" 15 11.2610545152051 0
"81" 15 16.0388196227537 0.100224912401769
"82" 15 13.5200863776365 0.101914849700474
"83" 15 17.16542836294 0.336605285135895
"84" 16 4.65301044414302 0
"85" 16 13.422758064569 0.141231309298238
"86" 16 19.7715387581796 0.219948783429138
"87" 16 10.774895900768 0.445912404933681
"88" 17 8.33999560714937 0
"89" 17 15.3164384611862 0.0987457130040463
"90" 17 19.1554069957046 0.230830746518782
"91" 17 21.6514938427808 0.240983120127624
"92" 17 16.1321197836317 0.395374602510029
"93" 17 4.18448344257001 0.590924175033589
"94" 18 4.97611856438668 0
"95" 18 10.1816120271037 0.0609978634259154
"96" 18 14.7875661259375 0.108448961050948
"97" 18 12.9743661836675 0.139073324501552
"98" 18 16.3300800965981 0.174181049200934
"99" 18 16.4549636476761 0.201165422512714
"100" 18 15.2276436204566 0.370677215364793
"101" 18 13.2496370137736 0.397892921903824
"102" 19 4.27892402877074 0
"103" 19 10.7471275952146 0.111305966742046
"104" 19 14.9001101664892 0.210592239989878
"105" 19 12.0279658911964 0.355246608300563
"106" 19 9.46771196551744 0.38890862557784
"107" 19 -1.26135878499017 0.624961983984141
"108" 20 10.1982737282577 0
"109" 20 7.29637156413432 0.00593330762161602
"110" 20 11.7191064953714 0.0144463721231503
"111" 20 10.7497002755417 0.0344898638819295
"112" 20 19.0140021806004 0.154809064073641
"113" 20 20.616392560273 0.272139317797066
"114" 20 6.36617414765744 0.468507970608439
"115" 21 10.3650698306068 0
"116" 21 12.5083065304653 0.0152629326499502
"117" 21 12.5047984228689 0.0357981129074217
"118" 21 18.9463097673811 0.130712715006484
"119" 21 18.4909056039762 0.210800210967594
"120" 21 19.9679937897751 0.225167555727922
"121" 21 21.1015115423331 0.271926129083475
"122" 21 -0.878681278941448 0.593685759095822
"123" 22 9.9745965514261 0
"124" 22 13.658787042366 0.487671818832689
"125" 22 5.53002164952759 0.573585433736282
"126" 23 7.2886129840874 0
"127" 23 10.2792326075275 0.00862190459651951
"128" 23 10.1728318361569 0.0235067326623172
"129" 23 7.63759121386303 0.0536606986152846
"130" 23 16.2260557110449 0.261132285421847
"131" 24 5.78583662172676 0
"132" 24 15.7529374300499 0.224170210684122
"133" 24 15.898471707328 0.226720580526918
"134" 24 15.6172088718308 0.279715651777242
"135" 24 9.51264542114614 0.388964812558378
"136" 24 1.92657883459019 0.528051290306491
"137" 24 5.91215313691775 0.531642069937037
"138" 25 9.79976636304161 0
"139" 25 14.8445486263375 0.166569066485893
"140" 25 17.1775317041256 0.288543139248023
"141" 25 5.01734049903545 0.580179824656411
"142" 26 15.389782058555 0
"143" 26 13.372855770796 0.0105659207872253
"144" 26 13.1033331783759 0.087132996925932
"145" 26 19.0421035595466 0.121195693301362
"146" 26 20.2199391487058 0.122487399877891
"147" 26 22.0216108976515 0.37117820006463
"148" 26 9.087761889313 0.635517491477009
"149" 27 11.217556013221 0
"150" 27 11.380881610094 0.00910075534798094
"151" 27 15.7918571943243 0.0826075569563926
"152" 27 5.20064606274319 0.675632575990712
"153" 27 6.15375687663013 0.906908291014287
"154" 28 12.5593826078745 0
"155" 28 13.1150700799549 0.0417760440378055
"156" 28 16.2846465304744 0.1019239515056
"157" 28 23.4240170206546 0.247947151376823
"158" 28 17.1942631225838 0.372448944263303
"159" 28 17.5924812070532 0.408694023242653
"160" 29 11.2318517668013 0
"161" 29 15.8213479728473 0.123804627302097
"162" 29 20.8456076031427 0.17345063185779
"163" 29 21.5110367511184 0.243754121785698
"164" 29 10.4488181059382 0.533266172151307
"165" 29 3.82973202123249 0.691241303747456
"166" 29 -0.042826504264156 0.705428808160207
"167" 30 8.70368497602479 0
"168" 30 11.1159982907027 0.0259331042836147
"169" 30 13.9720072757825 0.0637054403704789
"170" 30 17.9340829857956 0.134189191070467
"171" 30 19.7269498415282 0.237746548030649
"172" 30 17.2666480656658 0.271027615366224
"173" 30 -3.31603404183084 0.706789501696196
