"id" "w_obs" "t_ij"
"1" 1 9.13963079551354 0
"2" 1 13.3346572271555 0.476051138071062
"3" 1 4.0628243036803 0.782680990921424
"4" 1 6.19493483319379 0.857601073263107
"5" 1 7.4290753152556 0.910714522763108
"6" 1 12.1763841338748 0.946836546013592
"7" 2 14.2183469171321 0
"8" 2 7.82601601925202 0.606969676397657
"9" 2 5.1091974579444 0.892784705119279
"10" 2 14.7806663073299 0.952256862434235
"11" 3 14.8034737522303 0
"12" 3 6.42378563729507 0.842300650980327
"13" 3 4.2619752970123 0.849331408838973
"14" 3 6.77274158443871 0.890033598462561
"15" 3 4.41764804925737 0.900485019715182
"16" 4 9.52690203068995 0
"17" 4 3.13259082291688 0.659762220295928
"18" 4 3.69560259318226 0.736711984634612
"19" 4 4.74619129265824 0.849028719324345
"20" 4 9.82010143108561 0.92424618452213
"21" 4 10.7962321108275 0.97537149056614
"22" 5 4.76321904699723 0
"23" 5 9.62087309043207 0.471498878487496
"24" 5 5.42470660438107 0.567662181670488
"25" 5 0.312142371183559 0.876397844253201
"26" 5 2.71333047234407 0.923055861350417
"27" 5 5.55443232240412 0.924153724743893
"28" 5 5.79931903362083 0.952717420943391
"29" 6 9.69595561849495 0
"30" 6 -2.31765650392247 0.665016921431282
"31" 6 0.0721294715111411 0.67059794873331
"32" 6 -0.663719948016485 0.70705216000933
"33" 6 -0.955840153073905 0.790243007522937
"34" 6 -0.13238358378309 0.920184784963825
"35" 6 3.06514545359005 0.940925806768992
"36" 6 4.64396344531926 0.946943699586468
"37" 7 13.3424980237622 0
"38" 7 6.26640493500622 0.625710477469148
"39" 7 4.82031372951046 0.716382657836637
"40" 7 5.08465618944371 0.716401378404659
"41" 7 4.24530872025254 0.819419820371304
"42" 7 12.407797072389 0.935260683079994
"43" 8 12.9173756273262 0
"44" 8 9.58403592230465 0.515008044917499
"45" 8 6.46133480137951 0.565776766502949
"46" 8 5.88043094822887 0.851868780547079
"47" 8 6.32249491825961 0.894493677734548
"48" 9 9.23956881417435 0
"49" 9 -1.91592415705789 0.792154586641353
"50" 9 4.66533633745037 0.956500556559057
"51" 10 7.48205890976938 0
"52" 10 2.28829752506665 0.62294150335938
"53" 10 -2.38463444033594 0.779822264455741
"54" 10 -0.161166352185847 0.795913381450337
"55" 10 0.165520070794773 0.832796139465873
"56" 10 -0.132705967818718 0.86316880785725
"57" 11 6.71365553080917 0
"58" 11 0.795571704468329 0.733972293816444
"59" 11 -1.16524234333881 0.776215240404494
"60" 11 2.83879364615682 0.843433335008538
"61" 12 8.48757588288144 0
"62" 12 -1.86266240329936 0.819339872764295
"63" 12 2.12658461437255 0.848136726452027
"64" 12 5.97939991007964 0.930996241358209
"65" 13 6.04795356031412 0
"66" 13 1.4062226117243 0.738577258422216
"67" 13 -2.38759123026949 0.803073399697756
"68" 13 0.958185490038687 0.844015050617849
"69" 13 -3.15573077440219 0.86112458016085
"70" 13 3.39096555417474 0.916275026268055
"71" 13 9.87453354343853 0.970601124317174
"72" 14 11.1343109928817 0
"73" 14 23.3019269012549 0.204508278517151
"74" 14 14.3907801990723 0.475142255426437
"75" 14 4.03988484097924 0.620670718572781
"76" 14 -0.598584464904986 0.695410525646891
"77" 14 4.83540288546283 0.875486277520095
"78" 14 5.1088051555858 0.91208330535335
"79" 14 9.27721951782173 0.982529915475786
"80" 15 10.6977870595949 0
"81" 15 15.6758205629491 0.346984415065863
"82" 15 4.57402932071054 0.781677139244804
"83" 15 2.87656253431127 0.867689369881933
"84" 16 13.1810253976916 0
"85" 16 9.43476540731491 0.578767455443403
"86" 16 -0.559818086718929 0.741269267383493
"87" 16 10.6544818776156 0.988714724358728
"88" 17 14.6177030736492 0
"89" 17 24.1239643406286 0.330744529316085
"90" 17 14.7910456907341 0.504254588475931
"91" 17 8.56763948855983 0.600030357307281
"92" 17 11.5773113064539 0.941782386778194
"93" 17 15.3280562272056 0.973871672215131
"94" 18 11.6009682588156 0
"95" 18 12.7220306380064 0.493728918979673
"96" 18 4.04671498331598 0.619033601636869
"97" 18 1.54740927391966 0.682775335157283
"98" 18 3.78043805105463 0.824812840451412
"99" 18 3.4904590684222 0.839818318659154
"100" 18 4.83193298820668 0.889517776261361
"101" 18 5.40770223142917 0.927040803931083
"102" 19 11.7582434149046 0
"103" 19 15.4218885657827 0.303726473830494
"104" 19 1.0245810248805 0.626317322327648
"105" 19 4.71841039705755 0.939321195877118
"106" 19 7.50797459221559 0.945396379096384
"107" 19 7.17662232497836 0.946438574137835
"108" 20 10.6159338107378 0
"109" 20 0.612964106724589 0.677979228623661
"110" 20 0.510854342726437 0.686401595509724
"111" 20 0.0459405151402903 0.73264441908811
"112" 20 -2.50555200767657 0.825823065296784
"113" 20 5.3244755759732 0.905077634427714
"114" 20 6.24387563010933 0.938819729720416
"115" 21 9.73252551938888 0
"116" 21 5.04107728103773 0.567305840213166
"117" 21 -0.430732880242048 0.619591504511668
"118" 21 -1.604357241159 0.775771321848426
"119" 21 -1.72061411967153 0.85104857122248
"120" 21 1.61503960632131 0.863062494064164
"121" 21 4.87765170810728 0.908257095937343
"122" 21 7.48270902389515 0.969427264741349
"123" 22 8.46866460914442 0
"124" 22 0.503376917292099 0.75088971520551
"125" 22 -0.125308168833458 0.816405428404487
"126" 23 7.76929581383668 0
"127" 23 0.958837083434523 0.630940168395182
"128" 23 0.926888788673815 0.75257009393372
"129" 23 -1.29260446226975 0.833984924370511
"130" 23 -0.453167835677927 0.843714701418797
"131" 24 12.2293625698176 0
"132" 24 17.466044319108 0.386637526073342
"133" 24 17.1511669349961 0.418189656546108
"134" 24 6.46200041823596 0.59941001290525
"135" 24 1.59655292228354 0.653486206071936
"136" 24 -1.91155570481098 0.75685486513815
"137" 24 0.357547103213599 0.831873482490601
"138" 25 7.91085063172028 0
"139" 25 6.64991224335135 0.528403892624684
"140" 25 -2.91832924275475 0.806817127104545
"141" 25 3.08223864202396 0.895105016188226
"142" 26 9.39411472221963 0
"143" 26 -0.246433808659673 0.669488351338874
"144" 26 1.41290706041842 0.680717497733636
"145" 26 -4.57923458640337 0.724503729946985
"146" 26 0.357106729694999 0.812215932501513
"147" 26 -0.335467011132041 0.819150314800279
"148" 26 5.10540637278014 0.965112693239748
"149" 27 6.95279798668565 0
"150" 27 6.57717953981562 0.500772068394148
"151" 27 0.18406471552214 0.557186633895394
"152" 27 4.30112658532614 0.967382572903264
"153" 27 5.2472691688896 0.986339090592187
"154" 28 7.43023385533062 0
"155" 28 13.2881912888662 0.406595308868246
"156" 28 1.88459183127077 0.605528293508714
"157" 28 0.977005098035583 0.77510938456518
"158" 28 -0.91822098574391 0.792283429007243
"159" 28 4.23688765390494 0.975086147109861
"160" 29 13.3835774350112 0
"161" 29 19.131418698426 0.341697691656418
"162" 29 8.89980423261401 0.522096642705694
"163" 29 2.93977750855326 0.775542319486441
"164" 29 1.2658152498866 0.846137456569457
"165" 29 5.82406698057394 0.938011345757417
"166" 29 9.27399263462543 0.963396614747904
"167" 30 17.4298321381699 0
"168" 30 9.24629866318391 0.580524423286819
"169" 30 7.38621467811397 0.599779220503661
"170" 30 4.45095339334905 0.753166017159903
"171" 30 4.66705887769578 0.759953697016178
"172" 30 7.00783854322016 0.879716700429049
"173" 30 7.67173309279097 0.89809553252009
