"id" "w_obs" "t_ij"
"1" 1 3.52658095099327 0
"2" 1 0.236977651835588 0.604368986578631
"3" 1 -1.92460458101163 0.815044608044416
"4" 1 -0.481697660294502 0.823914698194437
"5" 1 5.9169395894975 0.940709891230265
"6" 1 4.52550468010909 0.967782164311432
"7" 2 7.05955283921177 0
"8" 2 -0.469653469983698 0.59094688943732
"9" 2 -0.122483845813126 0.841333728622122
"10" 2 -2.59438641443424 0.865358949809543
"11" 3 11.8643299273643 0
"12" 3 1.6591572895652 0.783110996231835
"13" 3 9.35218204792873 0.969516309241902
"14" 3 11.831546652521 0.970436696106786
"15" 3 12.8430850123182 0.992639254507971
"16" 4 12.3331271086551 0
"17" 4 14.8869533942732 0.479888889212294
"18" 4 7.08692981073451 0.567642495289007
"19" 4 4.55841448777837 0.727977972093537
"20" 4 2.86540250938132 0.786305934915996
"21" 4 5.66352568418246 0.908132727472783
"22" 5 10.9163629352553 0
"23" 5 16.9585321658288 0.3622396204419
"24" 5 0.987074933782516 0.74800453639147
"25" 5 3.84562886967503 0.784619525343669
"26" 5 -0.168155430138816 0.830607017076067
"27" 5 6.80044018161038 0.890324718300337
"28" 5 8.41596336299359 0.950026957566109
"29" 6 12.4261280603326 0
"30" 6 19.0637244674025 0.440291302373148
"31" 6 6.19238703979346 0.583233407266925
"32" 6 1.28405077416507 0.658853986558346
"33" 6 5.36284199830947 0.851989337282505
"34" 6 4.5477189162234 0.872938388683872
"35" 6 8.39409693921931 0.937255508684181
"36" 6 8.32646343474534 0.9791109664348
"37" 7 7.17293496251438 0
"38" 7 -3.05242644311056 0.683669596432841
"39" 7 -3.41515662733789 0.723957723530459
"40" 7 -2.29785424423209 0.842378897638945
"41" 7 1.05445854719547 0.842450025878088
"42" 7 0.821337583162177 0.910057822346565
"43" 8 8.92538149330109 0
"44" 8 1.60639596400639 0.644953847000547
"45" 8 2.32028296736336 0.886692779156855
"46" 8 8.61950863116251 0.966746303444937
"47" 8 10.4446038926156 0.998942833191219
"48" 9 14.040848306708 0
"49" 9 3.26034146139197 0.70277187029676
"50" 9 2.11852683288658 0.78370334430916
"51" 10 16.8003413525279 0
"52" 10 20.4023370229845 0.346591684234643
"53" 10 6.56175923556304 0.709374799186726
"54" 10 11.1621519293618 0.821935732742947
"55" 10 7.6927332048538 0.849516085231779
"56" 10 3.56561433861505 0.869097092159018
"57" 11 8.57764861119083 0
"58" 11 18.5105861820755 0.320941179233368
"59" 11 0.191960917822749 0.745001307375887
"60" 11 0.380792995067406 0.796104484350753
"61" 12 6.37348388807557 0
"62" 12 -0.168141003990706 0.58817539343068
"63" 12 1.8843863488288 0.636005399291629
"64" 12 -1.94689973020648 0.871024919566787
"65" 13 9.89135894577406 0
"66" 13 19.2785749920091 0.285940001532081
"67" 13 18.0321539700324 0.350641693403811
"68" 13 -0.887317087408004 0.74160920970514
"69" 13 2.44800559983764 0.783163739464621
"70" 13 2.62394990392805 0.799759733164865
"71" 13 9.60542995078192 0.968114111367752
"72" 14 9.30007890517335 0
"73" 14 1.45344650698796 0.617364133136544
"74" 14 -2.15218611951649 0.659382650803155
"75" 14 3.27283251412021 0.844723394586685
"76" 14 1.27758027183135 0.846566629388985
"77" 14 -0.999303669280386 0.881261795573767
"78" 14 2.53735925198743 0.888040120337072
"79" 14 6.06306319161744 0.989937461153751
"80" 15 5.81516479624401 0
"81" 15 17.2905182687605 0.204291123701652
"82" 15 2.02209050522226 0.922900680781083
"83" 15 4.9818894078078 0.994999106563723
"84" 16 13.8534660162624 0
"85" 16 13.6625907436984 0.455926299338587
"86" 16 2.56802802357596 0.696903625129771
"87" 16 7.55480809994941 0.928544219478828
"88" 17 6.44078169957122 0
"89" 17 11.9338061498009 0.422772716277348
"90" 17 11.3620834335353 0.47482311901806
"91" 17 1.55439426736913 0.569454753730928
"92" 17 3.9937741900616 0.744446810474684
"93" 17 6.47842856069086 0.944357418591731
"94" 18 4.74699136889555 0
"95" 18 13.7233747379114 0.366566999641552
"96" 18 -3.89990816083732 0.69210005706996
"97" 18 -0.92428009583118 0.831375340353637
"98" 18 1.78015957892806 0.897280478048886
"99" 18 -0.926455683311633 0.914119785436866
"100" 18 -1.24285444636112 0.932705675216754
"101" 18 4.24517735697765 0.968101979362383
"102" 19 12.4795595634117 0
"103" 19 8.313654140833 0.539928379247285
"104" 19 6.59100783613471 0.550537590903218
"105" 19 3.63565252690976 0.86802480785227
"106" 19 2.12252162676078 0.885829016282528
"107" 19 6.97180214533708 0.977966580346928
"108" 20 15.6413934947749 0
"109" 20 11.1702817881608 0.516076656154124
"110" 20 13.3876791111815 0.541377302298662
"111" 20 5.53720058682272 0.802643371939777
"112" 20 6.0286779811831 0.82149295481629
"113" 20 10.3965067701867 0.85336076028541
"114" 20 10.5084975507405 0.949186374742858
"115" 21 9.430170129966 0
"116" 21 22.7946470047003 0.264837685249339
"117" 21 7.22438621762721 0.583040395327958
"118" 21 1.82901865465222 0.602479150841498
"119" 21 7.48000945868912 0.907656547494611
"120" 21 5.53632276649599 0.91496401661587
"121" 21 9.60476857743846 0.945849668127191
"122" 21 7.83856658996735 0.956159758078164
"123" 22 6.29465166387073 0
"124" 22 2.71079881554138 0.57852622317874
"125" 22 -1.96664674939126 0.800107001477556
"126" 23 6.2735005751957 0
"127" 23 -1.32029230231755 0.67416777520751
"128" 23 0.743614005840655 0.764132545557952
"129" 23 3.65845787855505 0.886701283354715
"130" 23 9.14747161496016 0.995135009302224
"131" 24 8.51484054934709 0
"132" 24 7.20220955621994 0.589331177073276
"133" 24 0.233914889439115 0.658071209074091
"134" 24 0.590509699389025 0.732780268838042
"135" 24 -0.328850206493968 0.756665211543942
"136" 24 0.30330486136628 0.773311727511851
"137" 24 7.69467130487653 0.983478458089277
"138" 25 8.37660486421679 0
"139" 25 2.61310172934462 0.729324869427385
"140" 25 5.43424969960809 0.924534660614647
"141" 25 4.63154307014425 0.931700645610395
"142" 26 12.1959592047552 0
"143" 26 8.26297773999879 0.607074173590959
"144" 26 2.46884443437711 0.702458115373535
"145" 26 3.97393570109209 0.764228025489587
"146" 26 5.97245730676796 0.863279815515577
"147" 26 3.43206057886739 0.877770380861355
"148" 26 12.8704336580218 0.99080408040345
"149" 27 5.53259407728889 0
"150" 27 1.0742347489513 0.658985717883442
"151" 27 -0.5771322756698 0.767740979797681
"152" 27 2.14216008538903 0.792760761338197
"153" 27 0.957197756320336 0.893007690781798
"154" 28 6.63997975665696 0
"155" 28 4.78658465626294 0.502408666034272
"156" 28 1.67048561316265 0.56111606284367
"157" 28 -5.63697563950585 0.683463366423049
"158" 28 -3.1661971788316 0.798649475896821
"159" 28 0.302392099180994 0.90925234866797
"160" 29 10.1048339770419 0
"161" 29 8.80067954968711 0.551177749369268
"162" 29 0.749082254069807 0.583302073233563
"163" 29 -0.762808064933847 0.649102965853919
"164" 29 -1.8077869607928 0.694591269785547
"165" 29 -0.419918614194867 0.791960326539337
"166" 29 -0.450580053852854 0.812071418671955
"167" 30 7.1716167593818 0
"168" 30 11.8728261152922 0.488713326266982
"169" 30 8.94590520265487 0.501065220062263
"170" 30 1.18419444799894 0.822998683388919
"171" 30 -0.986852460637986 0.835063832058629
"172" 30 5.01541825786056 0.956082075494566
"173" 30 7.8380272335872 0.99715651964123
