"id" "w_obs" "t_ij"
"1" 1 2.77804145094929 0
"2" 1 6.24136155031021 0.531945758831528
"3" 1 -2.0149826691525 0.836118075187921
"4" 1 4.25048306516408 0.918675743138078
"5" 1 4.15832598734882 0.95115190739641
"6" 1 2.38120984970572 0.955927823757211
"7" 2 9.80492795536904 0
"8" 2 0.774315986528855 0.770322533362776
"9" 2 7.56210872473607 0.948316106702971
"10" 2 10.7980931151246 0.954796640560374
"11" 3 11.036298141273 0
"12" 3 4.04142972148902 0.644301758968395
"13" 3 1.19052847074636 0.822601003072945
"14" 3 5.1338212504062 0.904447796100648
"15" 3 10.3724248186961 0.985287299144566
"16" 4 10.2703031099387 0
"17" 4 0.890266943550014 0.625813079813011
"18" 4 3.47394122528626 0.843947184895945
"19" 4 3.41331565191614 0.8516352650602
"20" 4 1.64247176853485 0.899027325021526
"21" 4 2.97172112511567 0.906879888072749
"22" 5 9.43729203697066 0
"23" 5 18.9815387469129 0.324297991772461
"24" 5 12.0413677878778 0.51088538252065
"25" 5 6.2925026391099 0.603682409975816
"26" 5 2.86781204786651 0.879911812576166
"27" 5 -0.307205745934532 0.903890608752911
"28" 5 6.34220315870889 0.947689876060028
"29" 6 10.5845236399831 0
"30" 6 1.47922550129193 0.69264477192143
"31" 6 0.478911173889443 0.829868406201911
"32" 6 2.68795403802261 0.868475595334468
"33" 6 0.777245936101881 0.875274359529839
"34" 6 3.10174348317814 0.899797209902588
"35" 6 3.78043914591873 0.919276039139156
"36" 6 5.58960492312308 0.960020050122416
"37" 7 12.8273076230973 0
"38" 7 22.0479678578473 0.231444307380709
"39" 7 18.0141577162067 0.49451739316925
"40" 7 5.04771083504378 0.828021955619617
"41" 7 7.83340257544801 0.852110041777401
"42" 7 9.39809413671685 0.984223213789435
"43" 8 4.29318884504516 0
"44" 8 -2.72618831963931 0.784885654613217
"45" 8 -0.714388578234485 0.785843319507592
"46" 8 -0.884829524117873 0.886727880498067
"47" 8 5.69487235577234 0.999892267629294
"48" 9 8.78422613574783 0
"49" 9 -0.263929605998859 0.712232121271444
"50" 9 3.06030316179482 0.895854872083865
"51" 10 13.0727769996402 0
"52" 10 23.230359934363 0.26411232107151
"53" 10 8.71838876775666 0.576996760369063
"54" 10 2.88268400618505 0.630129616340433
"55" 10 -0.242869186412574 0.78078934052298
"56" 10 9.26456502008416 0.955794076025951
"57" 11 8.29113087748645 0
"58" 11 -1.06651890722827 0.729697090159671
"59" 11 -2.87753883567868 0.775805143159144
"60" 11 -0.433247884847569 0.787846760631302
"61" 12 12.6720598977499 0
"62" 12 5.2461465159716 0.649359629620189
"63" 12 1.91472919612666 0.687839507889456
"64" 12 9.66896296503371 0.932451340384198
"65" 13 3.10643918880768 0
"66" 13 -5.50964672666403 0.706374535973944
"67" 13 -6.91777726280152 0.738455505193737
"68" 13 -5.81689554346812 0.761892018733574
"69" 13 -5.08212540842139 0.762000669453483
"70" 13 0.323777289228205 0.84240908079742
"71" 13 -2.20675779992373 0.878834576256517
"72" 14 7.86958871261659 0
"73" 14 16.5839198629011 0.378416268216507
"74" 14 2.47413124038086 0.573753652416642
"75" 14 1.77687012703232 0.62893282714693
"76" 14 -2.2513044429018 0.711595070751907
"77" 14 -0.1237687321427 0.808080856405378
"78" 14 -1.31437180722189 0.865205205274658
"79" 14 6.79435124158206 0.944844892522462
"80" 15 20.7471895239256 0
"81" 15 13.2685650097974 0.559099793303805
"82" 15 11.829083971415 0.897548484898451
"83" 15 12.4363292542774 0.916186417065427
"84" 16 5.39330538303319 0
"85" 16 2.92414723584913 0.559510668081723
"86" 16 -1.72040598901203 0.717073192752261
"87" 16 2.21875536102847 0.871993564423733
"88" 17 7.70187531415305 0
"89" 17 21.2393325106924 0.353724669623489
"90" 17 16.0486958302808 0.446729311624268
"91" 17 14.3158281381226 0.462270183144437
"92" 17 3.34558664214061 0.772901778039701
"93" 17 1.99688568420907 0.791625902546887
"94" 18 11.0005459451426 0
"95" 18 22.1997785531082 0.312093064560655
"96" 18 2.98153299861413 0.696516620688663
"97" 18 0.720292284447085 0.728406275716506
"98" 18 0.329652922745815 0.773058334130177
"99" 18 5.04415604216787 0.905147911608179
"100" 18 6.51399948083607 0.944611193333361
"101" 18 15.4363419870646 0.992911755006634
"102" 19 9.27272593893601 0
"103" 19 6.94802726981268 0.552043340207517
"104" 19 -0.975104982711768 0.693787270921055
"105" 19 0.833298674676933 0.854803155604691
"106" 19 10.4560569118423 0.95350941469789
"107" 19 7.31431965296448 0.961932849038976
"108" 20 7.83668358433297 0
"109" 20 11.1957323171909 0.477525086239667
"110" 20 1.08179507579025 0.861278012549566
"111" 20 4.72756484438779 0.922774544494194
"112" 20 3.62709473213783 0.957538907004834
"113" 20 6.95552303280431 0.972809625038429
"114" 20 8.24160246439364 0.990798566451222
"115" 21 8.39224259487695 0
"116" 21 17.3767793465335 0.210886551145393
"117" 21 12.0810696982695 0.446775538985873
"118" 21 6.55899327204717 0.513215984912845
"119" 21 0.971609839023652 0.656068881841513
"120" 21 3.19311461063215 0.660192779690472
"121" 21 4.88662111804994 0.953369902719847
"122" 21 9.69588093117342 0.95754104142611
"123" 22 9.93105526599843 0
"124" 22 0.26903685066374 0.672577698780916
"125" 22 3.16224068517789 0.953493989287039
"126" 23 5.40980751442765 0
"127" 23 12.2298617875277 0.415313415746992
"128" 23 -1.69204525186166 0.694383427526132
"129" 23 -2.99815217693186 0.739160896064475
"130" 23 5.85531330190607 0.956885499553137
"131" 24 3.10123222149448 0
"132" 24 2.45388855974958 0.558830484473059
"133" 24 1.37331512476896 0.578799909878105
"134" 24 -5.3666505032152 0.701177309518435
"135" 24 2.37425829607216 0.874039555829575
"136" 24 -2.9014307349979 0.909298996740881
"137" 24 -0.72316676508314 0.929462584955205
"138" 25 15.749703586596 0
"139" 25 19.2308619577589 0.459685195064984
"140" 25 7.65905145722449 0.917882543504228
"141" 25 16.7584654812505 0.985252083361558
"142" 26 11.4126904231955 0
"143" 26 0.970613345224381 0.743490808138539
"144" 26 3.82944885237421 0.75403448507992
"145" 26 5.52372831325974 0.839441830673135
"146" 26 6.43592162708632 0.896982787775256
"147" 26 9.40257849804166 0.920408596829213
"148" 26 8.64068697711055 0.97090176966228
"149" 27 8.56930211127817 0
"150" 27 0.0659716224248788 0.75930617787714
"151" 27 -2.93790874167388 0.765121132934326
"152" 27 6.12157973215934 0.940110330875893
"153" 27 8.30422957866891 0.999036369192844
"154" 28 6.73673921608898 0
"155" 28 1.93969991850213 0.698457150806546
"156" 28 -0.506991372727721 0.809601664325212
"157" 28 1.1194454068221 0.845695980155406
"158" 28 1.88307640132336 0.8960857028415
"159" 28 10.1650466135977 0.997965677692827
"160" 29 7.28687157585202 0
"161" 29 1.0602394967815 0.594736285906765
"162" 29 -1.64867434365668 0.837860069697812
"163" 29 -2.04921328027709 0.842028678862664
"164" 29 -0.641040261836673 0.848721024804621
"165" 29 0.788674832878336 0.89165513702968
"166" 29 2.80285215437641 0.963828746625992
"167" 30 11.9738060085717 0
"168" 30 -1.90198396729813 0.771927298909228
"169" 30 2.16094356366139 0.787921224429411
"170" 30 4.00426818988426 0.89095421292771
"171" 30 5.07322082617766 0.908165673168199
"172" 30 4.17231589708385 0.951672965007896
"173" 30 12.5916647527663 0.990622752362698
