"id" "w_obs" "t_ij"
"1" 1 2.388213311164 0
"2" 1 8.93014982108668 0.398475648505587
"3" 1 3.16070336241951 0.513045325062268
"4" 1 -3.06779733734689 0.603488234403379
"5" 1 -6.42441786355965 0.797563015116637
"6" 1 -6.20348419414425 0.827024024393417
"7" 2 11.6059415557243 0
"8" 2 1.06159244045431 0.8567098795618
"9" 2 9.73539459458317 0.952016565821946
"10" 2 13.7035966406368 0.977071153183376
"11" 3 10.6768359580068 0
"12" 3 19.9425423898622 0.349543618022887
"13" 3 14.154052692771 0.478391751107501
"14" 3 1.69437180469801 0.666029092423051
"15" 3 6.50607382278733 0.938958630136093
"16" 4 7.38359682485589 0
"17" 4 12.8636296060927 0.438605726550742
"18" 4 1.13584676635377 0.675968080569166
"19" 4 -0.0364034684994822 0.688916538167721
"20" 4 -2.46580506782341 0.805311409927851
"21" 4 0.232552164946987 0.829914046048821
"22" 5 10.4945690984627 0
"23" 5 8.4808075820829 0.525785201014058
"24" 5 -1.50543728832093 0.638342891909853
"25" 5 -4.59111080119286 0.791237072338872
"26" 5 3.52150494228044 0.884523561658596
"27" 5 3.5813877812251 0.961930896798895
"28" 5 8.24999844572969 0.997712453840799
"29" 6 9.24175252291036 0
"30" 6 11.8102859358065 0.09909539392266
"31" 6 18.5127122211149 0.191195588844265
"32" 6 5.18570339010262 0.578163473803942
"33" 6 0.559807755836439 0.751536921124166
"34" 6 -0.822910690092386 0.79263664262058
"35" 6 2.08597990967368 0.839722700067116
"36" 6 4.41259694406633 0.899911958659611
"37" 7 8.79830702330145 0
"38" 7 -2.27160237906927 0.806379190604878
"39" 7 1.3449892680768 0.85224022102182
"40" 7 2.7911735751672 0.932868129154178
"41" 7 0.167298153022171 0.933051015570059
"42" 7 6.70962701942345 0.938287225000032
"43" 8 13.8574225822999 0
"44" 8 14.5021560057776 0.493522213083749
"45" 8 4.7469551945984 0.795452934470944
"46" 8 9.91822352208014 0.930840811502987
"47" 8 12.289096459285 0.990038929159662
"48" 9 11.0102939272102 0
"49" 9 17.5732502208733 0.408680404407252
"50" 9 7.24810212255473 0.599250138632856
"51" 10 10.5573703153452 0
"52" 10 1.73347172118518 0.693708919588423
"53" 10 -1.72118255708814 0.824557720235654
"54" 10 7.03399601016105 0.90496514518168
"55" 10 9.50837192002428 0.971863556036384
"56" 10 9.41020410211087 0.983656269826979
"57" 11 7.06049970622657 0
"58" 11 4.8004617955267 0.92557047014941
"59" 11 5.91528371722031 0.931329714384645
"60" 11 5.67207019022133 0.946433910520409
"61" 12 10.7657523338259 0
"62" 12 0.268800427129245 0.645205843149175
"63" 12 -2.69330319550272 0.768727918288151
"64" 12 -1.51111321849562 0.785140818562087
"65" 13 16.6689939335084 0
"66" 13 24.6908781930207 0.208891717317676
"67" 13 16.391509402784 0.483448716861378
"68" 13 19.6266417812299 0.519413950404489
"69" 13 12.578891429373 0.52645733797988
"70" 13 7.80571709777237 0.747207227092055
"71" 13 4.43437515119873 0.760465291819442
"72" 14 3.91757959806895 0
"73" 14 17.1978889476308 0.297285941790888
"74" 14 13.1699417580105 0.346055842967087
"75" 14 16.0013441706104 0.369795437170585
"76" 14 0.731675800732268 0.642875417981432
"77" 14 -2.67337683773966 0.663718824492297
"78" 14 -2.49078060378571 0.759183033168862
"79" 14 5.56938188519848 0.997566660270118
"80" 15 12.5250718775394 0
"81" 15 5.36718552931292 0.570786847705
"82" 15 4.34936006391106 0.888816435227996
"83" 15 9.51094403366541 0.978821960719234
"84" 16 12.3236983161079 0
"85" 16 -0.490073261272377 0.68342695520731
"86" 16 0.466868601047449 0.715623073674917
"87" 16 4.12035861213747 0.965226101345244
"88" 17 14.0128991940795 0
"89" 17 13.4024591071112 0.486637892846497
"90" 17 8.32956016701729 0.605022532350733
"91" 17 7.86796866813103 0.80797838713115
"92" 17 5.7566730191406 0.819341736609313
"93" 17 6.11853364990844 0.896184802964657
"94" 18 14.1451110346312 0
"95" 18 25.1929993967105 0.277571222183003
"96" 18 21.947480041627 0.384931213789691
"97" 18 23.1112398822739 0.396398395625508
"98" 18 11.8916072912842 0.585919084920276
"99" 18 12.0829830063811 0.920734397075804
"100" 18 13.4023116845466 0.9546180381705
"101" 18 16.4274999795851 0.981974973912604
"102" 19 7.68337935007895 0
"103" 19 -3.12269595573666 0.711843682152483
"104" 19 3.78955774232045 0.909576464972871
"105" 19 2.68171630426267 0.944303769772289
"106" 19 6.7197842558375 0.987260903203151
"107" 19 7.45537735303443 0.989448728315216
"108" 20 5.03135857117315 0
"109" 20 -2.51972435299383 0.82775664576978
"110" 20 -2.00312420155525 0.830257440687537
"111" 20 -0.0328209521462248 0.835795712897513
"112" 20 -3.15121515005485 0.920702394375142
"113" 20 0.721493165628214 0.942240253045029
"114" 20 1.7062602450527 0.973303406878415
"115" 21 10.4946893301364 0
"116" 21 14.8506905293661 0.462841424456943
"117" 21 9.69663946468341 0.520394223176484
"118" 21 6.43381424559147 0.55012733950519
"119" 21 0.324451344201261 0.667621842163396
"120" 21 2.55911053612678 0.88575412007982
"121" 21 6.4705803503708 0.94426381574064
"122" 21 11.8612229796812 0.991215823225271
"123" 22 10.4398489780943 0
"124" 22 12.8098352284491 0.456399442771602
"125" 22 6.93026835164894 0.925497673013508
"126" 23 12.0941037019401 0
"127" 23 1.4205890941039 0.677649167604137
"128" 23 -1.89467863021919 0.757975598831554
"129" 23 0.582113135507071 0.853498787562113
"130" 23 8.01494815195637 0.987791539264598
"131" 24 11.8417326830369 0
"132" 24 10.0867253508722 0.459712932179399
"133" 24 12.4078644358651 0.498550627700127
"134" 24 7.06882258416678 0.591743238015194
"135" 24 3.22630289533104 0.661657979577968
"136" 24 0.247025482821249 0.769735797762677
"137" 24 10.5783813725405 0.985674275894372
"138" 25 11.9341122463975 0
"139" 25 10.7192164943886 0.543578183513679
"140" 25 2.06587267936639 0.703571691332519
"141" 25 3.26415596550499 0.777041779783146
"142" 26 7.54713338729005 0
"143" 26 1.64228743913979 0.608463606619454
"144" 26 -0.117462087504858 0.869188209713121
"145" 26 1.21890400587842 0.901771421043917
"146" 26 -1.08013181200362 0.920903245643066
"147" 26 4.39052410991286 0.957065699807094
"148" 26 1.69664082956217 0.984903291846295
"149" 27 10.8448199212056 0
"150" 27 10.7170026847189 0.444744487488481
"151" 27 3.67020394755282 0.596272530140513
"152" 27 4.93734951647945 0.980814724763741
"153" 27 8.3245986202716 0.997117587119173
"154" 28 4.06015448461866 0
"155" 28 15.2096806654785 0.259133787392449
"156" 28 -5.32577170103295 0.712263465796974
"157" 28 -4.47586247138654 0.847105707392618
"158" 28 -1.8406833556702 0.872383723001573
"159" 28 -3.97064876573459 0.87717349914458
"160" 29 9.0390906600473 0
"161" 29 3.79433378147299 0.626228059431714
"162" 29 1.22205797738928 0.671473106326021
"163" 29 1.16211496405882 0.762622797874176
"164" 29 4.10125516762701 0.890271077605625
"165" 29 1.97695740920057 0.890561854517282
"166" 29 7.48587108780934 0.948160507811171
"167" 30 10.8256252253536 0
"168" 30 3.68954580989532 0.693727533149887
"169" 30 2.49599902467149 0.69580768363682
"170" 30 -2.10574225691168 0.772137530898576
"171" 30 1.32054539125299 0.782775451306405
"172" 30 1.19204613516363 0.851325150590356
"173" 30 2.52710332029637 0.893504383903252
