"id" "w_obs" "t_ij"
"1" 1 9.88503812709365 0
"2" 1 1.8856223036557 0.628278739756218
"3" 1 1.67790029076148 0.814285611668396
"4" 1 0.317489137527882 0.827512098732448
"5" 1 6.64894299502598 0.966322098804245
"6" 1 9.22008378431349 0.97486949280234
"7" 2 11.629420606288 0
"8" 2 -0.815748309415923 0.765877963565203
"9" 2 1.81139436631344 0.78346000396216
"10" 2 5.02890549256323 0.97878141839124
"11" 3 10.8900479619458 0
"12" 3 21.7566816526006 0.339243260811353
"13" 3 2.6899260450901 0.830188564817249
"14" 3 5.86678361473317 0.853007625617343
"15" 3 8.39435607097769 0.955722895814586
"16" 4 9.31084776677727 0
"17" 4 5.68052876539035 0.52805262878513
"18" 4 1.8832283067662 0.606238212199781
"19" 4 0.0725756511546972 0.783585979222156
"20" 4 4.66480737285652 0.932387080716734
"21" 4 8.21348854404634 0.978873271699004
"22" 5 13.1145985992186 0
"23" 5 7.67995862029876 0.555182866619554
"24" 5 3.31410165886981 0.619514084581762
"25" 5 -0.156557610379197 0.809976135975139
"26" 5 7.90370556977656 0.858087191414971
"27" 5 5.88063079185996 0.924346837870544
"28" 5 8.01872181591797 0.953451587821912
"29" 6 13.1293952146872 0
"30" 6 7.06274596590234 0.555479876653415
"31" 6 6.0141193580226 0.8527854711027
"32" 6 7.728781133814 0.925730314138958
"33" 6 5.91909803218537 0.931547098115186
"34" 6 7.36122165958111 0.959489621634181
"35" 6 10.9764472714815 0.984906329957388
"36" 6 12.2311137492327 0.996992929551984
"37" 7 5.64653007539332 0
"38" 7 -3.66892576315953 0.787300219230334
"39" 7 1.77737656078712 0.861984434457413
"40" 7 1.62185977705418 0.901961242200661
"41" 7 1.58095085682039 0.911773212762645
"42" 7 7.69014475010884 0.947381652165944
"43" 8 11.105599893945 0
"44" 8 20.2590789978084 0.227381998111381
"45" 8 5.79704080154921 0.542656086732566
"46" 8 6.42938662647218 0.958838409864178
"47" 8 8.84709774055395 0.996081560212151
"48" 9 5.12634176842167 0
"49" 9 -0.824601099616648 0.604007131250208
"50" 9 3.56937905991402 0.942353962183542
"51" 10 4.27349443760198 0
"52" 10 25.106372300131 0.220231949029379
"53" 10 2.51065600408064 0.625738167785427
"54" 10 -0.223998609820721 0.705016776543024
"55" 10 1.51153216003371 0.760605911517564
"56" 10 3.71240719001344 0.789997798523466
"57" 11 10.0026203385032 0
"58" 11 3.69314523422034 0.838608426818956
"59" 11 3.28175974315287 0.867414447083605
"60" 11 3.96045929027295 0.875491292502962
"61" 12 7.49822586857924 0
"62" 12 1.50111704451398 0.902354407825337
"63" 12 1.89468516538543 0.95495100675627
"64" 12 8.47962774316629 0.961560000793954
"65" 13 10.3790257091526 0
"66" 13 5.96116089861399 0.534134920408981
"67" 13 2.56696961697537 0.655205858748431
"68" 13 -1.08075611232885 0.777215142502696
"69" 13 0.935052009511193 0.792899473836549
"70" 13 1.80101959707721 0.79882186620668
"71" 13 5.48036524782522 0.869994494780755
"72" 14 18.1087601815867 0
"73" 14 6.92872959655014 0.639537857435387
"74" 14 5.48411184126936 0.652742068340297
"75" 14 8.41929580882235 0.658339752535815
"76" 14 6.87208281140448 0.81920971132879
"77" 14 5.58098448705274 0.840101567054842
"78" 14 11.3577504153543 0.921707957815014
"79" 14 11.5404315538232 0.950503628769293
"80" 15 8.12359983864696 0
"81" 15 1.56020895861792 0.693174616000059
"82" 15 -1.71028836756232 0.707946980913405
"83" 15 2.4560590473116 0.870899456868978
"84" 16 11.0670914280448 0
"85" 16 1.22013927617794 0.772016877333965
"86" 16 8.37783841540057 0.95943331320588
"87" 16 8.28975109025735 0.976361548952971
"88" 17 12.7224643276351 0
"89" 17 0.303674813742944 0.72389752378064
"90" 17 5.65670737009493 0.869927359110009
"91" 17 7.93476344843817 0.903099344380971
"92" 17 8.58157567497443 0.913088318274541
"93" 17 10.2753638911765 0.991168654580523
"94" 18 7.45938715137205 0
"95" 18 3.39990025891335 0.595799741524504
"96" 18 4.27851772641841 0.603396836447207
"97" 18 2.43342948288722 0.608122172154529
"98" 18 -2.9203468504064 0.711461611246128
"99" 18 -1.86529372960701 0.72001752238621
"100" 18 2.75342199780177 0.934584096949671
"101" 18 11.0327170895511 0.997934713448915
"102" 19 12.5510977496299 0
"103" 19 11.2630207815091 0.48136720732521
"104" 19 10.5254821799565 0.508294052268444
"105" 19 0.518871242147662 0.702645023075101
"106" 19 2.31827865274386 0.785309967393246
"107" 19 4.33445462061682 0.911840530750324
"108" 20 2.48388048289627 0
"109" 20 11.7147306437188 0.356095133717391
"110" 20 4.18756081435533 0.479157049687693
"111" 20 -4.48747048974626 0.693197174724782
"112" 20 -4.85864605895754 0.778910980862498
"113" 20 -0.102920759086136 0.8618786932577
"114" 20 -0.182882035708372 0.918632406524416
"115" 21 7.865074527914 0
"116" 21 13.7465557274912 0.39277461711615
"117" 21 0.235443756437375 0.624001468559187
"118" 21 0.643906589390156 0.849317373389809
"119" 21 1.64103061792054 0.915991087808743
"120" 21 5.76356984093251 0.968232875505869
"121" 21 5.54158107408744 0.971634481262169
"122" 21 7.90510269620751 0.988231918989338
"123" 22 7.42931461144005 0
"124" 22 6.61971267856334 0.498988566617186
"125" 22 -1.18158896824973 0.871732019443273
"126" 23 6.83616007913164 0
"127" 23 -0.425932359231886 0.575089438498661
"128" 23 -1.1226158906141 0.613652443429857
"129" 23 -2.87862041238334 0.74878641141595
"130" 23 -2.89481541590444 0.774591040077411
"131" 24 10.2848148207134 0
"132" 24 10.1533312043447 0.473282435603316
"133" 24 7.73657718400791 0.557415507237068
"134" 24 0.853729493282863 0.627972005601848
"135" 24 -0.31021241739281 0.781869995370321
"136" 24 2.65300516850118 0.810652080774965
"137" 24 7.09832702124031 0.949128031199167
"138" 25 11.518430141498 0
"139" 25 2.78425715074178 0.752749311409308
"140" 25 10.6936253316014 0.921383421189524
"141" 25 10.3857621931422 0.949281855292869
"142" 26 12.7794700228602 0
"143" 26 0.59435838054918 0.670103839042025
"144" 26 1.2075388762053 0.67640749069883
"145" 26 3.83847929683869 0.808135269841185
"146" 26 2.30992708233257 0.874284226062745
"147" 26 5.40329584492529 0.947540346194767
"148" 26 8.40596552493769 0.998778767209536
"149" 27 11.5169691698043 0
"150" 27 2.3354019273643 0.689765481618702
"151" 27 7.03187333277023 0.88725217133105
"152" 27 5.09044401469805 0.929998030870404
"153" 27 9.64817521063091 0.974541765170085
"154" 28 11.0362558369392 0
"155" 28 6.08317528505204 0.540401953270389
"156" 28 2.47696747841859 0.625652591817201
"157" 28 3.67014876385514 0.731349735471206
"158" 28 0.335819000482904 0.783166987942598
"159" 28 6.7618445840605 0.890038533605704
"160" 29 8.73689466431677 0
"161" 29 10.2997551067537 0.43874995780665
"162" 29 -3.19339050594618 0.780771452443864
"163" 29 -4.18318758716737 0.791825567260718
"164" 29 -0.576448189386964 0.838302273526623
"165" 29 -0.854497033488365 0.865808439988907
"166" 29 5.94774955299529 0.958269889534361
"167" 30 7.80122962843437 0
"168" 30 13.6652195776987 0.369173513284726
"169" 30 2.93363487133189 0.668303964834649
"170" 30 0.737591797428018 0.700357676299279
"171" 30 -2.21987436473936 0.737899862640864
"172" 30 1.96060859044345 0.815407388652928
"173" 30 0.898850198050914 0.923160212020726
