"id" "w_obs" "t_ij"
"1" 1 12.7208910892158 0
"2" 1 19.4294750064874 0.414721134576782
"3" 1 5.62536653306315 0.713623420542191
"4" 1 3.49731950193443 0.788473756756384
"5" 1 8.33298942102791 0.887672061226686
"6" 1 5.64455809653776 0.905582736814222
"7" 2 11.8650751274035 0
"8" 2 3.64682937231361 0.811587212697244
"9" 2 4.51189725650699 0.830114056754474
"10" 2 5.72021480761398 0.892866908252799
"11" 3 16.1151739499536 0
"12" 3 7.36681876615134 0.558685284356129
"13" 3 0.908987669803725 0.761811731458049
"14" 3 3.55718701116441 0.789620853570419
"15" 3 7.56641447204394 0.930535656093364
"16" 4 6.2765201556861 0
"17" 4 -2.60593129620856 0.773429222818786
"18" 4 -1.10207194445012 0.852891405678478
"19" 4 -0.637942289480705 0.906851290594224
"20" 4 3.8868907257251 0.98073019893223
"21" 4 5.40520965039848 0.987869830358407
"22" 5 13.3027203011429 0
"23" 5 25.5108075747187 0.236210159008787
"24" 5 22.1696129557928 0.429098203281291
"25" 5 8.14327784550931 0.670082776377086
"26" 5 5.88818940489048 0.764632228367276
"27" 5 9.27487024012224 0.885692279848877
"28" 5 13.4822811503387 0.97969758164707
"29" 6 11.2533734706425 0
"30" 6 23.384350115405 0.264879872630291
"31" 6 9.11054883572299 0.509791493580078
"32" 6 2.93157556611339 0.653898585125294
"33" 6 -1.10909164656438 0.693004896292089
"34" 6 -3.1451124660966 0.722906478927207
"35" 6 3.91764547734863 0.906657193195631
"36" 6 9.44423807018634 0.999862396716426
"37" 7 13.5418787645587 0
"38" 7 11.2926929950992 0.506780454749928
"39" 7 2.10323229937818 0.679704286604629
"40" 7 0.863698677266881 0.737727429444736
"41" 7 2.10580687153343 0.798310809753511
"42" 7 11.9596933110282 0.983195627106411
"43" 8 11.9808955122024 0
"44" 8 19.8426653417941 0.308888075967222
"45" 8 2.81815910129185 0.820443339757258
"46" 8 2.1250388432123 0.874168768344401
"47" 8 6.59305115137682 0.875964724569883
"48" 9 6.97104596491663 0
"49" 9 -0.762979281880149 0.821890041944626
"50" 9 2.46489622512076 0.869112978449811
"51" 10 9.98812783217322 0
"52" 10 12.0591232500478 0.462297058848848
"53" 10 6.81420098556096 0.541928759255559
"54" 10 1.95792830031209 0.860585805167144
"55" 10 3.87790074180297 0.896502347374007
"56" 10 4.55330144537564 0.917483133842791
"57" 11 14.0178398796521 0
"58" 11 15.715071357798 0.434703521917908
"59" 11 12.3879001688247 0.482103936076259
"60" 11 6.81558513580817 0.631653432885592
"61" 12 12.9727250916053 0
"62" 12 3.27332898466275 0.822146908660187
"63" 12 8.86804481688895 0.931691127648646
"64" 12 10.3563468225595 0.959871229483503
"65" 13 6.4276490726698 0
"66" 13 11.0840897135713 0.454075543449918
"67" 13 -1.51272691024564 0.760038789575419
"68" 13 -1.26927879155193 0.873877882438676
"69" 13 0.0404877989845467 0.908778704761748
"70" 13 4.38074330697981 0.960152419185059
"71" 13 5.36238616197166 0.990917628963775
"72" 14 2.85781302486742 0
"73" 14 -4.11624160226103 0.695902806623168
"74" 14 -8.00010576597006 0.706758085168423
"75" 14 -5.57644944365231 0.836611499665517
"76" 14 -2.15863677191011 0.860887146956699
"77" 14 -1.41259619047443 0.864429176453984
"78" 14 -3.35781583620016 0.895861670274158
"79" 14 -5.73489015073644 0.925511318771865
"80" 15 11.4213101130158 0
"81" 15 2.44358782887312 0.605694179592022
"82" 15 3.52893056252574 0.632334025490353
"83" 15 3.44400881072731 0.941408107645135
"84" 16 8.31158297541787 0
"85" 16 1.8115621620383 0.816608734892541
"86" 16 3.60422366586436 0.896106263307215
"87" 16 6.69356716440674 0.976278843848113
"88" 17 11.6122714574385 0
"89" 17 14.3427636578237 0.0892625968401851
"90" 17 2.56284666437728 0.618783756994325
"91" 17 -2.3137050116526 0.699464325685058
"92" 17 -0.759454302416376 0.74357151214477
"93" 17 10.2276972496107 0.993001684209054
"94" 18 9.6035813134013 0
"95" 18 10.7703265704081 0.43308447225301
"96" 18 4.7544563148994 0.596400552885049
"97" 18 1.7458067348161 0.676005213532283
"98" 18 -2.87178057028399 0.74707443592121
"99" 18 -1.12897901339533 0.761965626243873
"100" 18 3.59004528120189 0.924221138311535
"101" 18 5.95183342464143 0.970517885943874
"102" 19 15.9597900900838 0
"103" 19 5.82394720144229 0.789800270117565
"104" 19 9.26842272640374 0.945845019082146
"105" 19 10.5563782594527 0.952145404320036
"106" 19 10.8304749439568 0.957040921607946
"107" 19 12.4132040487552 0.988837319250685
"108" 20 2.55263601976237 0
"109" 20 13.3210508714398 0.316578074993109
"110" 20 8.77433701107766 0.436564151520917
"111" 20 -3.45651447195994 0.699657697904274
"112" 20 -8.4374365460585 0.785141567513113
"113" 20 -3.51349619499753 0.91593960448269
"114" 20 -2.31804139450343 0.931368817366742
"115" 21 14.272035768019 0
"116" 21 9.7777712996588 0.608941676580822
"117" 21 3.73298617566813 0.663701072399713
"118" 21 5.8141502144814 0.791157489028556
"119" 21 9.50812837649018 0.877044428092993
"120" 21 10.6785559870455 0.941260937691181
"121" 21 13.3642216226159 0.947945845709031
"122" 21 10.1399112900962 0.981422586546702
"123" 22 13.157904616853 0
"124" 22 7.33371181996642 0.628175318300324
"125" 22 10.3004407161491 0.95549646955954
"126" 23 9.82187896270583 0
"127" 23 16.7841205591971 0.408404307570352
"128" 23 0.71304901662726 0.716831697877286
"129" 23 0.933474295196729 0.850492505467857
"130" 23 10.9418833788894 0.979864347970106
"131" 24 8.76713362360941 0
"132" 24 14.8242417588669 0.487364641698528
"133" 24 8.36818590795134 0.57620438013243
"134" 24 -0.988836288413362 0.715341730936535
"135" 24 0.433021013002394 0.822050210824312
"136" 24 1.51926821238635 0.82508355521352
"137" 24 4.11442180377825 0.967905023346484
"138" 25 11.072858724654 0
"139" 25 0.799533359898134 0.743618606025432
"140" 25 8.96186726141607 0.961902586871749
"141" 25 10.9410491804868 0.981568732792163
"142" 26 7.62483365119968 0
"143" 26 19.1858285929669 0.243771219488976
"144" 26 -0.751579346932901 0.771829028249143
"145" 26 -3.21179081758898 0.806457951196739
"146" 26 -1.91602070463592 0.838931698212658
"147" 26 -4.72085665833341 0.876988150848335
"148" 26 6.77933029207616 0.979516036845479
"149" 27 8.66792315880564 0
"150" 27 17.9850980303527 0.324544379413732
"151" 27 8.12108342576198 0.557923133979158
"152" 27 5.29425986281039 0.58610449394501
"153" 27 2.86018961087698 0.874436234558919
"154" 28 11.2909533623686 0
"155" 28 11.5525552206658 0.476187450705533
"156" 28 3.16836392991986 0.790140487863426
"157" 28 4.94052143902956 0.83958870774728
"158" 28 4.35774419455103 0.894590698676422
"159" 28 8.38883041637582 0.96145473659438
"160" 29 11.8904578364808 0
"161" 29 11.7965351765402 0.489118962492529
"162" 29 10.2213356637919 0.512766818046107
"163" 29 3.28689542733703 0.837822166397291
"164" 29 7.44614899452921 0.861694815728131
"165" 29 12.4872572595411 0.987361732823369
"166" 29 11.74888050521 0.992879834214654
"167" 30 7.45965442770756 0
"168" 30 11.888232578114 0.483947713946454
"169" 30 7.1490525805234 0.545495411047756
"170" 30 2.69471899499479 0.872954300483774
"171" 30 9.03168936740152 0.943102399938197
"172" 30 8.34857491957172 0.976912172999739
"173" 30 9.22778363848135 0.99985295060167
