"id" "w_obs" "t_ij"
"1" 1 10.2963532170192 0
"2" 1 16.4188641698806 0.127133764326572
"3" 1 18.2385101184543 0.182596045546234
"4" 1 17.0760842987909 0.413058758713305
"5" 1 15.0644410257219 0.419682456413284
"6" 1 3.80671633936046 0.685799202183262
"7" 2 7.9037099388533 0
"8" 2 18.7676947483531 0.333004678832367
"9" 2 0.482667530255696 0.604300598846748
"10" 2 -0.14008833721009 0.773553328821436
"11" 3 16.1114516324441 0
"12" 3 20.480735891237 0.130110655212775
"13" 3 22.2592648392254 0.395672311307862
"14" 3 7.60069694593694 0.583447038196027
"15" 3 6.74117063682357 0.874508565058932
"16" 4 11.3802421848826 0
"17" 4 15.018678370882 0.0107214904855937
"18" 4 16.1018660512326 0.0390550238080323
"19" 4 21.7911434378368 0.176163955125958
"20" 4 22.2475442683288 0.277272304985672
"21" 4 3.01854677690969 0.837486184202135
"22" 5 8.27448708792942 0
"23" 5 11.2480388935222 0.0336630817037076
"24" 5 18.7278049014344 0.149663281161338
"25" 5 18.5834966687732 0.418981180991977
"26" 5 12.4771445852659 0.42003720998764
"27" 5 3.02080556000958 0.641034348169342
"28" 5 5.83249410180341 0.944599848706275
"29" 6 12.3725758670283 0
"30" 6 18.790501282709 0.0987601671367883
"31" 6 22.0456476488003 0.320130944019184
"32" 6 12.799567641037 0.471252070739865
"33" 6 13.9659681268243 0.493035827297717
"34" 6 14.6433713434753 0.510870022233576
"35" 6 12.8663981288072 0.543426510645077
"36" 6 1.69131320234062 0.662171530071646
"37" 7 6.90591180339413 0
"38" 7 14.5589643246133 0.317003170028329
"39" 7 6.00145369487796 0.395090002100915
"40" 7 10.0596641627211 0.401455675717443
"41" 7 -4.47414655936056 0.829732198966667
"42" 7 0.689472643054311 0.945103138219565
"43" 8 10.4440001797578 0
"44" 8 11.5005689184324 0.0539379527326673
"45" 8 20.7920588730147 0.225807077949867
"46" 8 5.8573353085692 0.587975759292021
"47" 8 -5.66352099691442 0.717893703375012
"48" 9 7.64367999408322 0
"49" 9 13.3231611910637 0.0112975218798965
"50" 9 4.76156551305566 0.945846313610673
"51" 10 9.80886030295927 0
"52" 10 13.6595465447596 0.0429403660818934
"53" 10 17.5914061612718 0.13614858710207
"54" 10 19.7289133662205 0.239291459321976
"55" 10 13.1059456827012 0.46970670321025
"56" 10 11.7124848856336 0.483434606576338
"57" 11 14.219673759474 0
"58" 11 4.50513594369011 0.704663001932204
"59" 11 3.95521537464802 0.743070340016857
"60" 11 5.98762705691258 0.83423114544712
"61" 12 14.4813386783652 0
"62" 12 18.3385184087058 0.365028249798343
"63" 12 16.8658654016672 0.387301243143156
"64" 12 5.42274651700205 0.638000096892938
"65" 13 8.28282078577859 0
"66" 13 8.79813457162547 0.0284872869960964
"67" 13 16.4108017127608 0.279063654830679
"68" 13 -0.414197075089353 0.724668997107074
"69" 13 -2.52007629244978 0.812461940804496
"70" 13 1.98554508211057 0.875314651522785
"71" 13 -1.43971176563148 0.87854700256139
"72" 14 9.77750191446396 0
"73" 14 10.828765481876 0.010495888767764
"74" 14 10.8178566948701 0.450292914640158
"75" 14 7.38455583903733 0.605631812475622
"76" 14 0.252796192838472 0.767215037485585
"77" 14 -2.44707119182859 0.779292282648385
"78" 14 5.89511433043057 0.927554862806574
"79" 14 7.98953899211274 0.953329459764063
"80" 15 8.88664942963809 0
"81" 15 9.1998413015404 0.00560315558686852
"82" 15 13.3965388998208 0.410048220539465
"83" 15 -0.470425883227089 0.740045185899362
"84" 16 15.4481553708774 0
"85" 16 24.3237584632486 0.213416903745383
"86" 16 7.71861020012423 0.591465497855097
"87" 16 15.4218631369886 0.961963345296681
"88" 17 14.4500815887663 0
"89" 17 20.3987761713894 0.322247601347044
"90" 17 22.9475687149128 0.361678878078237
"91" 17 17.4683339253692 0.437380822375417
"92" 17 12.512508103565 0.514136969810352
"93" 17 7.03206189130166 0.848241332685575
"94" 18 11.6107389329617 0
"95" 18 11.0256988509675 0.0640831096097827
"96" 18 15.0915069813221 0.124279344454408
"97" 18 20.1542078562669 0.1442668705713
"98" 18 20.0142084993135 0.180110963061452
"99" 18 17.8736549483238 0.317955983569846
"100" 18 3.3030792480699 0.60283109662123
"101" 18 3.21524945066964 0.895738060586155
"102" 19 15.4481040943014 0
"103" 19 14.739073550773 0.0349159827455878
"104" 19 19.5556509418059 0.147831429960206
"105" 19 26.6966810093885 0.167960490798578
"106" 19 21.7860143233752 0.212213336024433
"107" 19 5.96155514336296 0.728657176019624
"108" 20 10.1975758574535 0
"109" 20 17.2728039562825 0.11330064246431
"110" 20 16.0312491593767 0.127828882541507
"111" 20 19.9861191032077 0.128446798538789
"112" 20 22.2591490859878 0.176374915288761
"113" 20 8.53491779042752 0.560948831262067
"114" 20 0.733450861827508 0.701725137419999
"115" 21 12.916812390464 0
"116" 21 12.5960721653785 0.106478839647025
"117" 21 13.8941798270927 0.131379389902577
"118" 21 15.8141911849896 0.178542355308309
"119" 21 19.0267804276575 0.361140268621966
"120" 21 11.8095600238261 0.462706096004695
"121" 21 0.649668319194522 0.851205000421032
"122" 21 10.4096841992687 0.998315939912572
"123" 22 14.3268358802522 0
"124" 22 4.62046907442174 0.723320713732392
"125" 22 10.2293664026907 0.977084478130564
"126" 23 9.46539704774025 0
"127" 23 17.9684225272552 0.326404622755945
"128" 23 17.5831270432571 0.37219221284613
"129" 23 3.23092022452116 0.60403351043351
"130" 23 0.643782456363206 0.703334065619856
"131" 24 6.91350155597167 0
"132" 24 9.5792465670545 0.000607366906479001
"133" 24 19.2876907059134 0.186181315220892
"134" 24 19.4440484879938 0.217878222931176
"135" 24 11.7988681919483 0.450699702836573
"136" 24 2.99643439465545 0.66671081003733
"137" 24 -0.269582527214538 0.674704974284396
"138" 25 12.1681058868496 0
"139" 25 11.6693412546903 0.0264378353022039
"140" 25 20.9154732974396 0.161444810917601
"141" 25 5.87760587185816 0.921425137436017
"142" 26 8.13088645768967 0
"143" 26 17.8611974324288 0.25423397240229
"144" 26 2.50589012671331 0.554140999913216
"145" 26 0.189088348632609 0.59975162986666
"146" 26 -3.9511312815171 0.65823395177722
"147" 26 2.45974420210193 0.889050314668566
"148" 26 4.42004175606228 0.99048824980855
"149" 27 5.45690382068179 0
"150" 27 15.7566378018453 0.121721733128652
"151" 27 19.8000700911255 0.25775151560083
"152" 27 18.4834387299119 0.259502212982625
"153" 27 0.417364456522069 0.717393962200731
"154" 28 7.6344418311068 0
"155" 28 9.73042173792289 0.00660639838315546
"156" 28 18.9715878499056 0.142818016698584
"157" 28 21.9880533810282 0.248376416275278
"158" 28 4.19656738056372 0.593420007731766
"159" 28 10.6421597992601 0.939428444253281
"160" 29 2.20366330551734 0
"161" 29 7.24407226236389 0.00768463290296495
"162" 29 6.69465498665759 0.0231681463774294
"163" 29 13.2134787092996 0.363054498797283
"164" 29 -0.396062937110406 0.53826478519477
"165" 29 -2.82149963392212 0.660959319211543
"166" 29 -4.07895867589244 0.852024849737063
"167" 30 10.4666364848236 0
"168" 30 18.6482828685592 0.110505518969148
"169" 30 15.7434077591966 0.470493105472997
"170" 30 10.2011953288185 0.501086274627596
"171" 30 6.37528015221987 0.677460348466411
"172" 30 1.09858914431587 0.711330078309402
"173" 30 3.35270366500305 0.867246251320466
