"id" "w_obs" "t_ij"
"1" 1 11.4716347860688 0
"2" 1 15.8679194025382 0.0170036086346954
"3" 1 20.4165338242176 0.132564274361357
"4" 1 -0.749922368229645 0.723134320462123
"5" 1 6.00012291960993 0.732514303643256
"6" 1 4.34031011354799 0.843603586312383
"7" 2 7.15031219526399 0
"8" 2 12.2918689076454 0.037256965180859
"9" 2 20.2324164202784 0.237802356947213
"10" 2 1.19444519782452 0.715879335533828
"11" 3 8.19026565263302 0
"12" 3 21.33377700956 0.225174950901419
"13" 3 22.5513277655388 0.251370511483401
"14" 3 17.0687165883258 0.437883059028536
"15" 3 13.0084301549638 0.996334960218519
"16" 4 8.40243342519057 0
"17" 4 16.1941105341223 0.147890456253663
"18" 4 -3.703517553428 0.69033579272218
"19" 4 6.45995483732934 0.837743171257898
"20" 4 3.93626537689258 0.945107917068526
"21" 4 3.18859647032653 0.955857534892857
"22" 5 7.31213571691392 0
"23" 5 16.729576625869 0.172455707099289
"24" 5 16.5592229227557 0.286536279367283
"25" 5 15.3873085210466 0.306739773135632
"26" 5 5.10831361368126 0.560017461888492
"27" 5 -3.6692740070954 0.650488253450021
"28" 5 6.95999015504379 0.994246484944597
"29" 6 11.6560432441391 0
"30" 6 14.3307971653004 0.0564398493152112
"31" 6 20.5902189588017 0.128256613854319
"32" 6 18.9028055031979 0.448263647500426
"33" 6 5.02152161767631 0.788592117838562
"34" 6 3.33310641433508 0.789211704162881
"35" 6 6.37491096861011 0.904369972879067
"36" 6 13.5427866722425 0.982816878473386
"37" 7 10.7876533927356 0
"38" 7 20.5942782375891 0.150728012435138
"39" 7 11.5450019218124 0.531795611372218
"40" 7 12.5516409884574 0.987518477020785
"41" 7 8.67646061985118 0.994689168408513
"42" 7 10.0073895392645 0.999368593096733
"43" 8 10.5193633084193 0
"44" 8 19.5613097905561 0.368443028768525
"45" 8 1.0194530575141 0.690397807396948
"46" 8 1.12208884292004 0.738928732229397
"47" 8 12.1068931735886 0.979071626672521
"48" 9 9.48312987840977 0
"49" 9 4.34686839800074 0.568622597493231
"50" 9 -1.55620807618802 0.721540172584355
"51" 10 12.2191759816792 0
"52" 10 22.3467617932309 0.170841422397643
"53" 10 21.8465910400602 0.20082721230574
"54" 10 22.9284086101354 0.270942863775417
"55" 10 5.1917787429376 0.610691245645285
"56" 10 3.17410881279711 0.635733441449702
"57" 11 8.06941182987856 0
"58" 11 15.5770410982861 0.417051150230691
"59" 11 -0.619258462771047 0.632494737161323
"60" 11 -0.366238846218185 0.834713177289814
"61" 12 3.76149236872671 0
"62" 12 15.1289642631845 0.179457512916997
"63" 12 17.9429722871524 0.212873282609507
"64" 12 1.48447691881259 0.888548246352002
"65" 13 10.1138696380403 0
"66" 13 7.81043564637722 0.0115142234135419
"67" 13 5.70257779955668 0.514757259050384
"68" 13 2.71194815633733 0.577285022241995
"69" 13 -1.96543620479167 0.651849626330659
"70" 13 0.830001816405254 0.86417967453599
"71" 13 4.7908520144109 0.909475842956453
"72" 14 9.13950241739301 0
"73" 14 13.9358422937146 0.0530164148658514
"74" 14 17.655630532667 0.186573490267619
"75" 14 19.8735533831969 0.20165715040639
"76" 14 21.052963527534 0.319444555323571
"77" 14 14.896152610973 0.434858319116756
"78" 14 -0.197464144262798 0.820394259179011
"79" 14 3.10116751573186 0.885991062270477
"80" 15 8.12079095882545 0
"81" 15 8.60397370106028 0.0205622627399862
"82" 15 17.6687473738127 0.415263468632475
"83" 15 11.5646562379378 0.4946448369883
"84" 16 12.8838699329042 0
"85" 16 20.5884323866068 0.397225452354178
"86" 16 6.6849010414951 0.83251643856056
"87" 16 8.82156193930033 0.88466185494326
"88" 17 6.8946464268499 0
"89" 17 6.6969452236792 0.0227523802313954
"90" 17 11.5859679063155 0.0973333143629134
"91" 17 15.3156246151981 0.158296898705885
"92" 17 -1.54801856548819 0.672249741619453
"93" 17 -3.30031238048176 0.779408731264994
"94" 18 10.6973023412535 0
"95" 18 16.470531892777 0.0918552279472351
"96" 18 15.9255163689515 0.477528446586803
"97" 18 6.90318839151301 0.584700527135283
"98" 18 6.51812503178435 0.604304095730186
"99" 18 2.91773461784486 0.646431766683236
"100" 18 3.74237759330559 0.798353740246966
"101" 18 7.75326097146205 0.952414550585672
"102" 19 8.8736058390805 0
"103" 19 9.26760917611729 0.00276771583594382
"104" 19 18.6026328705173 0.147285091457888
"105" 19 12.9045802982217 0.455554269254208
"106" 19 3.1711809474768 0.560724088223651
"107" 19 -2.64027023080753 0.799280292587355
"108" 20 4.51498286060207 0
"109" 20 13.4799085190492 0.129548626719043
"110" 20 15.2763038569593 0.193560163024813
"111" 20 16.906822809687 0.356527155265212
"112" 20 0.30175737890186 0.62985609844327
"113" 20 0.206192079355521 0.630059075308964
"114" 20 2.63521471363584 0.936922941822559
"115" 21 7.23654572163973 0
"116" 21 14.0262864462554 0.0866510879714042
"117" 21 19.9114515020256 0.308430046075955
"118" 21 0.799156961507135 0.666344806551933
"119" 21 -0.294102605324364 0.738325090380386
"120" 21 -1.20641688565403 0.789725786540657
"121" 21 -2.32556701276508 0.819044259376824
"122" 21 0.246018185439867 0.920033410424367
"123" 22 6.02926506829117 0
"124" 22 19.6581674662182 0.321845236700028
"125" 22 9.60300654170253 0.454291558125988
"126" 23 11.8639825485941 0
"127" 23 10.9075519738073 0.0183875490911305
"128" 23 19.1652441602417 0.147203587694094
"129" 23 18.4915809257461 0.335407367208973
"130" 23 9.25135270499112 0.978487140266225
"131" 24 8.73436242595331 0
"132" 24 17.4757358409208 0.0998007049784064
"133" 24 20.3338762737005 0.28490283084102
"134" 24 11.5108485555457 0.479619299527258
"135" 24 2.21407616582762 0.555600340943784
"136" 24 1.79243008667198 0.595760348718613
"137" 24 9.31241065187214 0.963037010515109
"138" 25 10.8394008747528 0
"139" 25 19.2470630201366 0.262744396924973
"140" 25 3.73689323294555 0.93981798319146
"141" 25 6.10162973879031 0.951639106264338
"142" 26 7.27825246783976 0
"143" 26 19.4690961306669 0.330568696372211
"144" 26 17.4643759033563 0.373133000917733
"145" 26 14.4926842420833 0.40569692174904
"146" 26 10.3098035554766 0.46780539280735
"147" 26 0.200766749691292 0.660960193257779
"148" 26 4.43369154107755 0.87478066328913
"149" 27 7.84633223554609 0
"150" 27 5.43736968669898 0.566818238468841
"151" 27 0.56571074498729 0.668671831954271
"152" 27 9.26890004847313 0.983556905761361
"153" 27 9.36417540566423 0.998682862147689
"154" 28 9.96343600576314 0
"155" 28 19.1664853235304 0.140127406688407
"156" 28 5.74720488028555 0.59120273636654
"157" 28 2.82320519641542 0.611140850698575
"158" 28 4.95424124169375 0.617728508310392
"159" 28 3.41997759459077 0.90121778845787
"160" 29 12.4585470100464 0
"161" 29 11.7692726236034 0.0187188251875341
"162" 29 13.5984889111206 0.019537607440725
"163" 29 16.3306274533311 0.410853388020769
"164" 29 14.9264522283879 0.44079517479986
"165" 29 6.85463080335161 0.57259691436775
"166" 29 4.74882313385658 0.628649489488453
"167" 30 5.94645206399237 0
"168" 30 14.3395117484413 0.154308712808415
"169" 30 18.0887089039393 0.168816299876198
"170" 30 8.29016501139355 0.361146931769326
"171" 30 10.1502098233093 0.397451614728197
"172" 30 10.6018740881403 0.421401970786974
"173" 30 2.38140452942641 0.852324352134019
