"id" "w_obs" "t_ij"
"1" 1 13.0636867068784 0
"2" 1 18.617418272396 0.109397888882086
"3" 1 22.073901883149 0.291223345557228
"4" 1 21.5817865686668 0.295750066405162
"5" 1 3.05911213637013 0.79263103986159
"6" 1 12.0911576272757 0.989525847136974
"7" 2 10.180222887136 0
"8" 2 17.9300079895024 0.171176858246326
"9" 2 -0.890630896913776 0.727148039266467
"10" 2 5.36034939778836 0.945614737691358
"11" 3 14.5876032145436 0
"12" 3 19.1944897644047 0.10174832562916
"13" 3 22.4748436286314 0.185476527549326
"14" 3 1.39016623446749 0.730548742460087
"15" 3 4.5396791867394 0.774368887301534
"16" 4 7.13335498507099 0
"17" 4 20.6073817842474 0.243629308417439
"18" 4 7.56756448279081 0.499145246576518
"19" 4 1.29902597388846 0.727681863121688
"20" 4 0.326259020096064 0.824219783302397
"21" 4 2.55428533089793 0.934049263130873
"22" 5 11.1018267055517 0
"23" 5 16.5493133331347 0.251162372762337
"24" 5 18.3409874790812 0.308122431160882
"25" 5 18.0539922044062 0.312213406199589
"26" 5 3.75348290644804 0.574761899420992
"27" 5 -0.282111937811347 0.824868109775707
"28" 5 -3.06877929163148 0.852026026695967
"29" 6 12.5704661136349 0
"30" 6 14.0496138864102 0.017985928338021
"31" 6 21.2364115644857 0.248198604909703
"32" 6 4.32651337102996 0.588745229877532
"33" 6 1.80171512226321 0.716596247395501
"34" 6 0.122952410638362 0.796834044158459
"35" 6 3.02030790789448 0.829782348126173
"36" 6 10.8811792576245 0.972257691435516
"37" 7 11.2165689462985 0
"38" 7 8.58316986530417 0.000657697208225727
"39" 7 12.6153640991028 0.436146174324676
"40" 7 9.29343424906557 0.477437036577612
"41" 7 7.29935197879232 0.592443843837827
"42" 7 9.31747527733217 0.965037395246327
"43" 8 6.50495152745994 0
"44" 8 11.2930379534017 0.00514686829410493
"45" 8 17.3698533022911 0.16088740946725
"46" 8 6.17722579596933 0.586117770522833
"47" 8 0.978983270707657 0.622615254018456
"48" 9 13.7772871929736 0
"49" 9 16.8923342071818 0.394062069943175
"50" 9 4.79485384201559 0.946830076863989
"51" 10 11.4109952797299 0
"52" 10 19.4783957480039 0.166560763726011
"53" 10 21.4619814300164 0.237423703074455
"54" 10 14.6690611333557 0.43892323737964
"55" 10 10.6276783358634 0.510434756753966
"56" 10 8.37807121066594 0.98402439407073
"57" 11 6.05973452183647 0
"58" 11 9.75802935050145 0.470988046377897
"59" 11 2.14400787575813 0.914009319851175
"60" 11 6.88087603468642 0.926501396344975
"61" 12 9.00002204837931 0
"62" 12 16.4035951616831 0.333145643817261
"63" 12 12.191806063654 0.392711181892082
"64" 12 0.890976566062446 0.793116820277646
"65" 13 10.916218852688 0
"66" 13 24.3918231485828 0.172759133391082
"67" 13 11.0973997276681 0.541220643557608
"68" 13 0.2667178119176 0.780510388780385
"69" 13 0.678482705563936 0.817001287359744
"70" 13 -0.602769681653399 0.817995356861502
"71" 13 10.5301273066504 0.994478019420058
"72" 14 12.5681355333822 0
"73" 14 15.8167347585164 0.0648284428752959
"74" 14 21.1037237615681 0.255610303254798
"75" 14 22.2960063377015 0.34212071634829
"76" 14 8.5987612686333 0.489129357971251
"77" 14 4.51654838126768 0.61959657096304
"78" 14 -0.0771389199157924 0.680427799234167
"79" 14 6.95564675283523 0.960053379880265
"80" 15 13.1741403305609 0
"81" 15 10.6570372394896 0.504375380929559
"82" 15 4.15292916093727 0.628505965694785
"83" 15 5.413896873307 0.64730860106647
"84" 16 5.09064587482049 0
"85" 16 13.849218622858 0.42439323826693
"86" 16 -2.92407975761856 0.692170035326853
"87" 16 -2.4563291448005 0.72312437929213
"88" 17 13.9285056111724 0
"89" 17 16.4404808674107 0.125946219777688
"90" 17 15.8422586255719 0.140030929353088
"91" 17 17.7067845502909 0.218500804156065
"92" 17 15.0438767957965 0.48880616738461
"93" 17 1.16406213301564 0.742569063324481
"94" 18 13.9290068478229 0
"95" 18 21.4013574689291 0.197251395089552
"96" 18 18.0495539164747 0.429677556967363
"97" 18 4.80294758097956 0.591096758376807
"98" 18 0.0518346986177883 0.768493555486202
"99" 18 5.43543266479925 0.858060812344775
"100" 18 7.86608156466975 0.943200002191588
"101" 18 10.3308235793696 0.992952059255913
"102" 19 8.61756402400139 0
"103" 19 13.5611644163654 0.0523672339040786
"104" 19 12.8694347069822 0.0778003581799567
"105" 19 3.22336701296843 0.610870288917795
"106" 19 1.46951166484795 0.627687497297302
"107" 19 1.59876260668206 0.83950850344263
"108" 20 11.1502554336777 0
"109" 20 24.2485617624517 0.275493903784081
"110" 20 20.7943338592571 0.294847674202174
"111" 20 17.7047397375781 0.389678218634799
"112" 20 13.8279869318739 0.407695753267035
"113" 20 13.8792263908069 0.441890767542645
"114" 20 8.33846301877299 0.939364179270342
"115" 21 10.7635186258422 0
"116" 21 17.1523859667735 0.115266229491681
"117" 21 22.2382253123529 0.258597652893513
"118" 21 20.1780351711968 0.273587830597535
"119" 21 23.005684680964 0.279695875942707
"120" 21 0.457332772104921 0.730567663908005
"121" 21 2.48969408456599 0.811394445598125
"122" 21 2.0042877982256 0.820745537988842
"123" 22 8.43504890050227 0
"124" 22 16.2655344453599 0.325641772011295
"125" 22 4.1237187240284 0.870027841534466
"126" 23 7.27702611284155 0
"127" 23 16.6545818810641 0.235161705408245
"128" 23 9.63386706290827 0.448931070044637
"129" 23 9.47852713444813 0.455487976549193
"130" 23 -3.15063458449052 0.746955311158672
"131" 24 12.879914124701 0
"132" 24 16.5783338878837 0.140725738601759
"133" 24 13.7795043628185 0.458778856787831
"134" 24 6.33201874562589 0.568953817244619
"135" 24 4.81801703616002 0.583505130838603
"136" 24 2.56543600661435 0.85566145228222
"137" 24 9.50248581063043 0.968770903069526
"138" 25 11.487530225436 0
"139" 25 6.63751602108176 0.62752001080662
"140" 25 5.00624428037762 0.658895793603733
"141" 25 13.7589777596946 0.966132399160415
"142" 26 9.34226023574249 0
"143" 26 20.3182449599616 0.165134600596502
"144" 26 18.364772169154 0.318794787395746
"145" 26 11.9794629851753 0.480960366781801
"146" 26 6.23940863965555 0.583137091482058
"147" 26 1.76139019049164 0.758708037668839
"148" 26 1.07826344708262 0.785090415272862
"149" 27 12.0742024900437 0
"150" 27 20.3528628286924 0.215297711314633
"151" 27 14.7454462521201 0.403189513832331
"152" 27 2.0267862080756 0.778921537101269
"153" 27 10.202122084844 0.991294214734808
"154" 28 7.96071449827668 0
"155" 28 18.9605476223773 0.225196721730754
"156" 28 1.9094421072281 0.584600589703768
"157" 28 3.73590324322935 0.587370414286852
"158" 28 -3.73599945492239 0.678469626465812
"159" 28 1.74711560179839 0.860392213100567
"160" 29 15.0846697294249 0
"161" 29 21.8774238036252 0.245762335369363
"162" 29 9.86554167874463 0.495305186137557
"163" 29 3.77467953038981 0.846876757685095
"164" 29 6.08071145219382 0.866583481896669
"165" 29 -0.363949413456656 0.870904287090525
"166" 29 3.51543870699208 0.932860665721819
"167" 30 12.7136923103573 0
"168" 30 22.6967507462035 0.346579410834238
"169" 30 5.26848857169831 0.831525535322726
"170" 30 7.65198746641565 0.863060273695737
"171" 30 8.33809933051758 0.929827922955155
"172" 30 7.16985374784257 0.953050904441625
"173" 30 11.6821655658112 0.991429953835905
