"id" "w_obs" "t_ij"
"1" 1 14.7215528280069 0
"2" 1 27.6070388966985 0.193319505779073
"3" 1 19.8037679251122 0.423325604293495
"4" 1 14.4175457333725 0.464464960852638
"5" 1 7.15815805878374 0.887527829501778
"6" 1 14.1049452273992 0.98652774700895
"7" 2 12.0003663463247 0
"8" 2 12.7924648041817 0.00283528515137732
"9" 2 16.8599536088369 0.443016726290807
"10" 2 2.93513552759045 0.878809921909124
"11" 3 10.7146866856562 0
"12" 3 12.2179746470825 0.431557750562206
"13" 3 8.85634542667418 0.501235956791788
"14" 3 -2.19177068809288 0.729782225098461
"15" 3 1.17507095142978 0.752090973546728
"16" 4 8.35920260345629 0
"17" 4 15.272022070627 0.0842396931257099
"18" 4 14.640704919142 0.0965417160186917
"19" 4 17.8871748315522 0.267941610887647
"20" 4 14.9901687284359 0.402229333762079
"21" 4 0.871274381543323 0.80569050530903
"22" 5 14.6246585020186 0
"23" 5 14.9129571161863 0.0307071779388934
"24" 5 20.9508323851367 0.115033352281898
"25" 5 20.192913772887 0.159625154454261
"26" 5 19.4550089041138 0.265685699647293
"27" 5 7.83362407923866 0.573623069329187
"28" 5 5.3024330803175 0.886550713330507
"29" 6 13.4694649053378 0
"30" 6 23.4417957060576 0.179932635743171
"31" 6 23.0464100976218 0.231156974798068
"32" 6 24.0735521703387 0.242456784937531
"33" 6 11.8656188631899 0.524691662285477
"34" 6 11.7202084284813 0.564969740109518
"35" 6 1.85667351011286 0.739457511575893
"36" 6 4.08601890623508 0.743244027718902
"37" 7 12.7907513412206 0
"38" 7 21.0641300104566 0.361064048018306
"39" 7 13.2008779589586 0.451077594654635
"40" 7 16.2249270786393 0.488265271298587
"41" 7 10.907909834437 0.501993519952521
"42" 7 5.94373680572381 0.606896576937288
"43" 8 11.8142210464117 0
"44" 8 18.3118432653255 0.163215436274186
"45" 8 21.007490743615 0.199831012170762
"46" 8 16.154172644661 0.422775798244402
"47" 8 0.498828170081726 0.651527079520747
"48" 9 8.32887804637201 0
"49" 9 8.62488552907751 0.503691256977618
"50" 9 -0.712498776140012 0.788707087282091
"51" 10 6.85050285446427 0
"52" 10 16.2455084758382 0.22598909214139
"53" 10 -2.67507958471728 0.707960548345
"54" 10 -5.49821003634431 0.748170962790027
"55" 10 -1.46038587956297 0.874750254210085
"56" 10 2.46907558732622 0.901327203726396
"57" 11 9.88679832750965 0
"58" 11 3.27550956509069 0.668437198735774
"59" 11 3.70038141934467 0.750258794752881
"60" 11 4.25117492453479 0.887384446337819
"61" 12 11.4042195143912 0
"62" 12 11.0703737093721 0.517608321504667
"63" 12 6.85329373317711 0.616460108663887
"64" 12 6.64193464799598 0.930854880716652
"65" 13 13.9910780063073 0
"66" 13 20.9007503972036 0.0917987271677703
"67" 13 25.8128298545622 0.188785255653784
"68" 13 18.8010854521441 0.412790652364492
"69" 13 19.2537158452691 0.448376619489864
"70" 13 15.4778089570199 0.553368425928056
"71" 13 9.5399306881896 0.570752054685727
"72" 14 11.9768759527109 0
"73" 14 18.7051318986852 0.0828835885040462
"74" 14 18.0304453397213 0.0857171637471765
"75" 14 19.2767742691886 0.119019544217736
"76" 14 24.6760950962637 0.168186434777454
"77" 14 23.4021432755451 0.252643782412633
"78" 14 16.5641680711184 0.460768090095371
"79" 14 10.948339983498 0.507256862241775
"80" 15 7.6605304962757 0
"81" 15 20.819909873754 0.227021633880213
"82" 15 0.149101627847502 0.810347531689331
"83" 15 5.49388826574554 0.910851658321917
"84" 16 13.4668491964901 0
"85" 16 0.602814286342129 0.811117300298065
"86" 16 5.04086569197998 0.829965693643317
"87" 16 5.86408943850229 0.909658558899537
"88" 17 5.36049193668845 0
"89" 17 9.10709891006096 0.0537966953124851
"90" 17 18.2444464049626 0.288296011742204
"91" 17 15.2490819203031 0.383418583543971
"92" 17 -4.54475043327395 0.696995941223577
"93" 17 -3.34312029773482 0.784001096617431
"94" 18 7.66715426472159 0
"95" 18 10.3270271403874 0.0467372403945774
"96" 18 16.0152375427608 0.10950194299221
"97" 18 18.8213934084812 0.308795837685466
"98" 18 9.84509739577013 0.42219981062226
"99" 18 7.60744550659461 0.497327032964677
"100" 18 8.18469910325027 0.522859580116346
"101" 18 5.41967695307207 0.966991144232452
"102" 19 11.3672718293186 0
"103" 19 14.5270687254427 0.078235063701868
"104" 19 19.2000303532659 0.180460420669988
"105" 19 12.0289883112157 0.469346384750679
"106" 19 0.0629118349738387 0.656530353240669
"107" 19 2.09736631384664 0.716521978145465
"108" 20 14.5775527652849 0
"109" 20 13.1940449648393 0.0306641783099622
"110" 20 15.364268672409 0.0502374568022788
"111" 20 23.1983165543012 0.251130553893745
"112" 20 8.21863648638981 0.841601465363055
"113" 20 6.46649642331124 0.88113704463467
"114" 20 7.33684940836367 0.933393689803779
"115" 21 14.3520392254531 0
"116" 21 17.917279379234 0.0424615181982517
"117" 21 19.9093073133834 0.0830229290295392
"118" 21 26.4731251567934 0.302109951851889
"119" 21 14.6975744418533 0.535614537540823
"120" 21 6.28640285616153 0.780205090995878
"121" 21 3.26215038746454 0.850095079047605
"122" 21 15.1195204532931 0.994411627063528
"123" 22 8.59898088683233 0
"124" 22 14.8637452239872 0.368357852334157
"125" 22 8.23720055849324 0.467534167226404
"126" 23 7.94660837786752 0
"127" 23 17.725674350167 0.288825550815091
"128" 23 11.0366598448496 0.509126767050475
"129" 23 2.99501305744704 0.655798573512584
"130" 23 -0.437269329245252 0.82604226260446
"131" 24 9.89402222476489 0
"132" 24 16.9439099627425 0.179559838259593
"133" 24 10.8874154177848 0.399155562510714
"134" 24 6.11679595771043 0.550579083850607
"135" 24 -0.0531898833129354 0.572391420602798
"136" 24 0.787082187454909 0.628618598449975
"137" 24 -2.27955874403371 0.714022726984695
"138" 25 12.0855854706051 0
"139" 25 18.0182159710341 0.407744616037235
"140" 25 4.62398555643084 0.564712469931692
"141" 25 5.95148855071792 0.700555557617918
"142" 26 11.2371119489759 0
"143" 26 18.4249521937208 0.159759649541229
"144" 26 19.8387866774094 0.161303683882579
"145" 26 14.7710746757233 0.441938154865056
"146" 26 8.8146916221521 0.537183394422755
"147" 26 9.3927497850384 0.538808534154668
"148" 26 9.30079556837977 0.541654992382973
"149" 27 14.4461745757929 0
"150" 27 22.7931265598375 0.306496556382626
"151" 27 21.6939921324697 0.30941244144924
"152" 27 15.0024660966072 0.449045507935807
"153" 27 0.515736789491978 0.666264305124059
"154" 28 11.3703517857349 0
"155" 28 12.0009528464903 0.0540480825584382
"156" 28 17.0399995893574 0.122613610932603
"157" 28 19.9197839700446 0.198451349046081
"158" 28 19.2372133313934 0.247339630965143
"159" 28 12.30875420783 0.493310819147155
"160" 29 8.3164604938379 0
"161" 29 19.9713727936388 0.23288053413853
"162" 29 19.2308624465112 0.257318810559809
"163" 29 14.7211956900604 0.367819586768746
"164" 29 12.1325998553059 0.455276959575713
"165" 29 -0.231868850660076 0.741814577952027
"166" 29 7.31268470386748 0.997616354143247
"167" 30 6.80928200397613 0
"168" 30 11.7249969849212 0.220724102109671
"169" 30 11.9058503072775 0.358379090903327
"170" 30 9.23274652114261 0.420578429009765
"171" 30 1.75713375130147 0.527582725742832
"172" 30 -3.16432084165481 0.684310960816219
"173" 30 -4.37014492416983 0.867162861162797
