"id" "w_obs" "t_ij"
"1" 1 9.64986589284357 0
"2" 1 18.6625761627678 0.356143201002851
"3" 1 10.3225848102916 0.507045728852972
"4" 1 5.67940123549995 0.563512351131067
"5" 1 0.170658958955373 0.806506257737056
"6" 1 11.9576678301637 0.956752150086686
"7" 2 11.4412029269865 0
"8" 2 14.7413372524202 0.507318750023842
"9" 2 2.69693041955613 0.806486237794161
"10" 2 5.14612140821724 0.815341531997547
"11" 3 12.3005111943329 0
"12" 3 20.762222120341 0.102429445832968
"13" 3 10.6371235068661 0.521934667369351
"14" 3 5.24126416755209 0.566634970484301
"15" 3 10.0936577516846 0.997375250328332
"16" 4 11.8114322994043 0
"17" 4 20.0466731138233 0.150543191237375
"18" 4 2.80613843187124 0.573659590212628
"19" 4 -0.648740928484644 0.646504751173779
"20" 4 4.54825902082195 0.9098216870334
"21" 4 11.6610966776948 0.980446406640112
"22" 5 10.1344062324533 0
"23" 5 22.9096910855065 0.22426697332412
"24" 5 22.657686301421 0.292290664277971
"25" 5 6.00259383487482 0.578331174794585
"26" 5 -1.10433207548264 0.694935384672135
"27" 5 10.0036654256873 0.919140034355223
"28" 5 9.04031850533679 0.961485005682334
"29" 6 14.8196365652146 0
"30" 6 22.2321659165735 0.216881196713075
"31" 6 21.1398370575781 0.376077883644029
"32" 6 16.2407680160953 0.387955713551491
"33" 6 17.4871777440842 0.435141267254949
"34" 6 2.92094591916722 0.812187692383304
"35" 6 5.1987834116256 0.875277885468677
"36" 6 13.6458912264687 0.942505395272747
"37" 7 9.57391135791378 0
"38" 7 13.0616856271595 0.061071127653122
"39" 7 17.0010998363403 0.389823500765487
"40" 7 5.67052491018074 0.577694599283859
"41" 7 -2.58274537052913 0.808625913225114
"42" 7 8.64879847520894 0.956355080008507
"43" 8 6.1768787855161 0
"44" 8 4.00201662270791 0.542615547543392
"45" 8 0.0792529927774965 0.733752520522103
"46" 8 -5.42246415790259 0.814773382153362
"47" 8 1.02471301067655 0.916611418593675
"48" 9 16.0672515868742 0
"49" 9 3.83275006089889 0.692930488148704
"50" 9 15.6124237079962 0.958798273699358
"51" 10 7.26574904218133 0
"52" 10 8.36642990357771 0.0624113781377673
"53" 10 16.7757762005544 0.313167622312903
"54" 10 17.5014138089569 0.319540854543447
"55" 10 10.5731842734471 0.420317485695705
"56" 10 5.6806895370516 0.550363234011456
"57" 11 12.7717110231911 0
"58" 11 16.0633173534096 0.176341400481761
"59" 11 17.0926181497499 0.267285459907725
"60" 11 0.516677397308113 0.726382283493876
"61" 12 19.1638337550739 0
"62" 12 16.7802749556773 0.470854024169967
"63" 12 12.5802729328495 0.573468976421282
"64" 12 5.79069055418127 0.802657540421933
"65" 13 10.4858036224468 0
"66" 13 18.5518799403837 0.181313706329092
"67" 13 17.8644753393877 0.290583626367152
"68" 13 19.2941089114723 0.35301815206185
"69" 13 16.1811804109661 0.355677236570045
"70" 13 5.27779457476816 0.558999960310757
"71" 13 -1.27427441822681 0.839003323577345
"72" 14 13.2673556167982 0
"73" 14 18.2776994011074 0.0907403561286628
"74" 14 20.8046973360909 0.141466785455123
"75" 14 25.1266430678875 0.160900071496144
"76" 14 20.908208409728 0.300532994559035
"77" 14 10.5906944797812 0.518455727025867
"78" 14 7.78087857986932 0.580967007670552
"79" 14 11.9931221517749 0.924846590962261
"80" 15 8.73772877259838 0
"81" 15 16.8126620284501 0.133850766345859
"82" 15 3.00526436237356 0.588609111029655
"83" 15 0.982281434859862 0.653538131853566
"84" 16 10.9783529143757 0
"85" 16 11.6747935182803 0.0372811886481941
"86" 16 16.8278106536862 0.370189941953868
"87" 16 8.56522636824703 0.927990422118455
"88" 17 9.18850645232785 0
"89" 17 19.8964447479906 0.227588155539706
"90" 17 20.2000693232949 0.251503263833001
"91" 17 8.18195217169072 0.541529070818797
"92" 17 4.01980883116608 0.629182337550446
"93" 17 5.19664069036234 0.908781935460865
"94" 18 9.9590489424992 0
"95" 18 23.6278671176111 0.235699609620497
"96" 18 23.0768648023523 0.240592067828402
"97" 18 20.5234233006357 0.351367281517014
"98" 18 15.6004974450533 0.389343765331432
"99" 18 13.5945896919761 0.482982717454433
"100" 18 1.89018388358549 0.726275394437835
"101" 18 5.66144018721447 0.873061154270545
"102" 19 9.31863181747569 0
"103" 19 13.5276589110899 0.073694215156138
"104" 19 21.4820003085824 0.323785149957985
"105" 19 5.43343318835657 0.517946713604033
"106" 19 -2.14299918815091 0.757776882965118
"107" 19 8.35018994981788 0.98802010435611
"108" 20 8.85777838776177 0
"109" 20 13.5166889363652 0.0969066887628287
"110" 20 18.7789099348375 0.274940638802946
"111" 20 -1.06994378300644 0.627926190150902
"112" 20 0.834899944102736 0.659366344567388
"113" 20 -3.885793110855 0.748565751826391
"114" 20 -0.111009345618462 0.821581542259082
"115" 21 10.5949375448291 0
"116" 21 21.4910197753159 0.209387305891141
"117" 21 25.1393978437579 0.234820190584287
"118" 21 21.4514546140086 0.242673019878566
"119" 21 10.038130641476 0.542779581621289
"120" 21 4.40857279312864 0.729603307321668
"121" 21 2.80677521644054 0.812910272506997
"122" 21 11.2252266307424 0.982250582426786
"123" 22 8.49601810651922 0
"124" 22 15.8189327855788 0.431598827242851
"125" 22 -1.44372004262992 0.740541927050799
"126" 23 8.90399035713339 0
"127" 23 18.777832180112 0.155201321467757
"128" 23 6.861999312514 0.520606346195564
"129" 23 1.34121646747742 0.692147500347346
"130" 23 6.97650868396631 0.985936602344736
"131" 24 8.34525236870227 0
"132" 24 19.6628488318995 0.238407239783555
"133" 24 19.4111019518075 0.305704115657136
"134" 24 15.2698827845616 0.419813698390499
"135" 24 -0.320538747853536 0.679286404047161
"136" 24 0.924234260317581 0.801291995914653
"137" 24 0.297204900410858 0.821639586472884
"138" 25 11.5665744316544 0
"139" 25 20.9326335382008 0.0992131859529763
"140" 25 20.7345567609616 0.265133817214519
"141" 25 7.99178734111602 0.938139291713014
"142" 26 12.2672609411702 0
"143" 26 18.0157025963267 0.330246210563928
"144" 26 16.7368384888931 0.432023333618417
"145" 26 1.42658061722871 0.645139768719673
"146" 26 -3.48537337306043 0.80555079667829
"147" 26 0.242096221972417 0.859317200258374
"148" 26 1.75536470211155 0.899291429203004
"149" 27 8.90507538063342 0
"150" 27 18.2085233232651 0.353905427269638
"151" 27 4.02956225969358 0.594993241596967
"152" 27 -2.7640284075627 0.861219788435846
"153" 27 0.844274408705411 0.874323340132833
"154" 28 9.70092696540683 0
"155" 28 18.3021218733883 0.184922314947471
"156" 28 2.74250317093627 0.616939419647679
"157" 28 2.34439707844358 0.673621537396684
"158" 28 0.880772790105695 0.765726286917925
"159" 28 -1.0225692547792 0.862482219701633
"160" 29 8.98688719029565 0
"161" 29 8.87886837009626 0.0155128564219922
"162" 29 15.6689549852557 0.346401964779943
"163" 29 -1.00894218572521 0.65413706144318
"164" 29 -0.167933332280398 0.666382124880329
"165" 29 5.00961738714206 0.916975911473855
"166" 29 3.68533040423091 0.952676779124886
"167" 30 4.94355193033637 0
"168" 30 7.52284883186345 0.536890585208312
"169" 30 -2.87314561114199 0.683848939836025
"170" 30 -4.19295058847302 0.780195000581443
"171" 30 -2.08888803217047 0.853960167150944
"172" 30 2.72835144504585 0.877499552210793
"173" 30 3.31138759506762 0.927670721663162
