"id" "w_obs" "t_ij"
"1" 1 7.07777770181769 0
"2" 1 8.22431380179689 0.00572563172318041
"3" 1 8.55891754625284 0.0409273055847734
"4" 1 19.7227201342222 0.172945061465725
"5" 1 11.9365766165062 0.412538361269981
"6" 1 0.497402233853143 0.632277576019987
"7" 2 11.1718409984596 0
"8" 2 6.72397084654678 0.00520359538495541
"9" 2 14.2749475542184 0.0603880656417459
"10" 2 12.6367838428401 0.0894526287447661
"11" 3 13.059866683443 0
"12" 3 16.1886630274971 0.469915503636003
"13" 3 9.66303203271064 0.609998481580988
"14" 3 4.52884485716749 0.739106174558401
"15" 3 11.1963343351654 0.95945225097239
"16" 4 8.61977086337319 0
"17" 4 17.0265067257412 0.319254474015906
"18" 4 11.9854878781133 0.412541619502008
"19" 4 2.10255408624203 0.764597543282434
"20" 4 -0.443441715369004 0.891301228664816
"21" 4 -0.367227415921815 0.893183963606134
"22" 5 15.6424290727894 0
"23" 5 21.5995806214103 0.100219717249274
"24" 5 21.4391997025061 0.361043037846684
"25" 5 19.0434010295021 0.400153963826597
"26" 5 10.2496128615976 0.638824048452079
"27" 5 6.20403892791519 0.702567669330165
"28" 5 9.61442935456287 0.917041009990499
"29" 6 7.68173571102478 0
"30" 6 18.0694453056434 0.382268696092069
"31" 6 11.1469045291888 0.472317412495613
"32" 6 9.48669491477439 0.498428499093279
"33" 6 5.00016358467261 0.9073824477382
"34" 6 4.04596839816114 0.914401300484315
"35" 6 4.39225133717024 0.953320807311684
"36" 6 8.18368555537371 0.965612128376961
"37" 7 10.6087762047971 0
"38" 7 17.6720973349637 0.312668407801539
"39" 7 14.1328254070732 0.406706888461486
"40" 7 -0.996882665613517 0.69096810836345
"41" 7 1.3754803382804 0.86837040935643
"42" 7 8.46730789913541 0.989766214741394
"43" 8 8.22900145257399 0
"44" 8 16.4165336481915 0.388931910740212
"45" 8 12.765000330901 0.406078121159226
"46" 8 0.831153915309362 0.642689294880256
"47" 8 -1.46216333651016 0.743604751769453
"48" 9 10.6609395842428 0
"49" 9 20.0728991344047 0.254310881020501
"50" 9 2.46207897821953 0.940365012036636
"51" 10 9.27996507132536 0
"52" 10 19.743568750029 0.191310905851424
"53" 10 9.04880852249048 0.4764434248209
"54" 10 6.02764965350124 0.544338907813653
"55" 10 -1.0640956584308 0.759256119374186
"56" 10 1.90913350556495 0.792013372294605
"57" 11 10.3402111774521 0
"58" 11 22.8819197181048 0.0996785208117217
"59" 11 12.2347191203056 0.474933269200846
"60" 11 2.08480303598506 0.7906489581801
"61" 12 12.7068275947951 0
"62" 12 18.977105507088 0.0920857570599765
"63" 12 3.73429233450415 0.597285325871781
"64" 12 0.741155425178511 0.660437753424048
"65" 13 11.920901767667 0
"66" 13 17.33143527848 0.0984723104629666
"67" 13 20.463788593036 0.309522486291826
"68" 13 17.1361067622668 0.331837568897754
"69" 13 17.6536980827307 0.382248881272972
"70" 13 10.4115243046627 0.472552585648373
"71" 13 1.39639575238648 0.747919937130064
"72" 14 10.6861132114175 0
"73" 14 13.9176234433883 0.0938151443842799
"74" 14 17.7163415730492 0.171382428146899
"75" 14 14.8577704472718 0.428105596452951
"76" 14 8.3315853939754 0.484969908138737
"77" 14 3.84874822699285 0.646094424882904
"78" 14 0.99963882156286 0.65511590638198
"79" 14 -1.2488090632056 0.777513687498868
"80" 15 8.91528878513789 0
"81" 15 17.3898130941 0.105425370624289
"82" 15 11.9027224631889 0.438542874762788
"83" 15 1.00447259561983 0.897506385110319
"84" 16 12.1875420616972 0
"85" 16 18.6404337380911 0.377996088471264
"86" 16 6.53130738862286 0.925519451964647
"87" 16 11.1874818389733 0.986759845400229
"88" 17 12.4402237409448 0
"89" 17 20.013261559881 0.36495889397338
"90" 17 20.1487058737191 0.375569641590118
"91" 17 0.135483620757206 0.745311350096017
"92" 17 0.0544631819849907 0.757352330954745
"93" 17 1.32519015486047 0.832231697393581
"94" 18 8.48902104553223 0
"95" 18 20.7678362125513 0.280666111037135
"96" 18 16.2700551761911 0.432658769190311
"97" 18 -1.70754413330485 0.681791966315359
"98" 18 -1.30790896281169 0.729216182604432
"99" 18 -1.72087759296922 0.742910881061107
"100" 18 6.95029598984172 0.941004944266751
"101" 18 5.1604614011826 0.955427540000528
"102" 19 1.15551749985007 0
"103" 19 1.76181724514001 0.565042489208281
"104" 19 3.46712846187341 0.577565295388922
"105" 19 -4.24297366591482 0.840814395574853
"106" 19 -2.69371408660902 0.869729138212278
"107" 19 -2.58298040518646 0.892465301556513
"108" 20 16.1589585759907 0
"109" 20 25.0055695298974 0.283012914238498
"110" 20 19.6342518086924 0.339300598250702
"111" 20 20.5628359039599 0.374496981967241
"112" 20 4.97188144201958 0.624411903088912
"113" 20 5.11855142884646 0.671083473833278
"114" 20 4.95554068005748 0.855357974534854
"115" 21 15.7583869380244 0
"116" 21 13.9296464786194 0.0166422959882766
"117" 21 18.1768506933118 0.111516845878214
"118" 21 17.5720328588964 0.435028453357518
"119" 21 16.9264693836503 0.436596094164997
"120" 21 12.928658411758 0.577124798903242
"121" 21 2.58528541438878 0.764722614083439
"122" 21 12.4605913504435 0.980137081583962
"123" 22 12.5526303768324 0
"124" 22 16.3218450601072 0.455489224055782
"125" 22 10.5441214888469 0.524405556963757
"126" 23 9.0913047148977 0
"127" 23 19.1453928866925 0.35307511407882
"128" 23 18.3175007293134 0.441880765603855
"129" 23 11.462119259766 0.483742017298937
"130" 23 0.695489794889309 0.716370057547465
"131" 24 14.7212280467145 0
"132" 24 22.3875755231225 0.145474271383137
"133" 24 23.2976476616567 0.150893470272422
"134" 24 25.8321636533081 0.23994292342104
"135" 24 23.0941724167386 0.344621730968356
"136" 24 5.83405729560803 0.646550704492256
"137" 24 13.3426350162846 0.987943671410903
"138" 25 8.76414478493089 0
"139" 25 15.8031446258816 0.281368692638353
"140" 25 19.0974141931802 0.298695589415729
"141" 25 3.93573865173394 0.983949378365651
"142" 26 7.96957655823198 0
"143" 26 14.3277618520689 0.0783867631107569
"144" 26 15.8107393205599 0.138873048359528
"145" 26 12.3661889061719 0.414836429059505
"146" 26 12.7292656086847 0.432574396720156
"147" 26 10.1722926924781 0.437682323856279
"148" 26 -1.36048127578256 0.761022683698684
"149" 27 9.59154425691914 0
"150" 27 13.2801260291419 0.0273051720578224
"151" 27 20.9418670699052 0.190412590280175
"152" 27 22.8867891473668 0.239576470572501
"153" 27 20.1233175753792 0.25750688649714
"154" 28 11.436357098 0
"155" 28 21.7251192359047 0.100526190362871
"156" 28 21.9459473687798 0.216925539309159
"157" 28 25.154483071076 0.254519941983745
"158" 28 7.22722338786906 0.6010651756078
"159" 28 5.77001194615623 0.822413611225784
"160" 29 12.7839178006156 0
"161" 29 22.7251663328416 0.243559757713228
"162" 29 21.3229614510552 0.343977490672842
"163" 29 19.9704270442185 0.436395806027576
"164" 29 11.9491175230969 0.503676720196381
"165" 29 14.6730507808573 0.525139620061964
"166" 29 1.05949654391713 0.801518575754017
"167" 30 10.4059753984299 0
"168" 30 18.5252746963427 0.0772996083833277
"169" 30 22.0297856979341 0.39169221650809
"170" 30 15.3078705196585 0.432556667597964
"171" 30 14.3206434488548 0.466333958087489
"172" 30 6.14765291775677 0.6026183469221
"173" 30 8.15209273286257 0.949908890295774
