"id" "w_obs" "t_ij"
"1" 1 13.9868196674521 0
"2" 1 19.1896993276416 0.440989094087854
"3" 1 13.2558204456542 0.502905778819695
"4" 1 7.02270887423139 0.747791158501059
"5" 1 8.00116372047811 0.870201202807948
"6" 1 12.2020229143338 0.949567179894075
"7" 2 3.59343586182645 0
"8" 2 12.0249621333582 0.378037153743207
"9" 2 1.32270526143585 0.566738292109221
"10" 2 -5.28292408051836 0.713417083257809
"11" 3 12.6599897532091 0
"12" 3 17.0614576000583 0.0698131250683218
"13" 3 16.1041002858881 0.0786511350888759
"14" 3 17.7456745244429 0.0879777260124683
"15" 3 5.59813036957141 0.757804054999724
"16" 4 12.4327646945541 0
"17" 4 18.9164694639716 0.0772684852126986
"18" 4 19.9637243098415 0.17046940070577
"19" 4 13.3908924619792 0.525487249251455
"20" 4 9.42615429277303 0.525989877525717
"21" 4 2.77461947649911 0.668657850008458
"22" 5 10.3309033027651 0
"23" 5 18.1357020252797 0.102437294553965
"24" 5 21.0883911238396 0.164475707802922
"25" 5 0.0263073061990062 0.619466621428728
"26" 5 -0.397430330340277 0.852722503012046
"27" 5 0.200220505751556 0.857120714150369
"28" 5 9.74096359356489 0.984950788784772
"29" 6 14.2652935936255 0
"30" 6 9.36713077411952 0.0202728642616421
"31" 6 10.8963017168533 0.0331397352274507
"32" 6 15.170634590683 0.0527126912493259
"33" 6 8.50083964678272 0.518277547322214
"34" 6 4.15323647541087 0.623948616907
"35" 6 1.66138250239517 0.809194673551247
"36" 6 10.7099396743856 0.979846636997536
"37" 7 8.0854733421224 0
"38" 7 14.5737011837943 0.2682129223831
"39" 7 20.2585972086497 0.289067351724952
"40" 7 8.50084046965117 0.512289185542613
"41" 7 -0.646823448076704 0.777813020860776
"42" 7 1.79127889818112 0.878430655458942
"43" 8 14.9966009920999 0
"44" 8 6.715407588085 0.628276924602687
"45" 8 4.62802343134416 0.754827442811802
"46" 8 5.09350840004859 0.77892729616724
"47" 8 7.00283984687058 0.827487435657531
"48" 9 6.83048674266782 0
"49" 9 13.5507314440424 0.0932606684509665
"50" 9 19.1439181104883 0.212700985139236
"51" 10 8.74843626353451 0
"52" 10 14.0136815064053 0.0810454972088337
"53" 10 20.6673068821291 0.281481442507356
"54" 10 18.9726111453676 0.309367927024141
"55" 10 4.25317521916217 0.897439285181463
"56" 10 9.59856231565181 0.960402727592736
"57" 11 10.9056624608645 0
"58" 11 23.4841874417093 0.214145608944818
"59" 11 21.9658372057688 0.230506209423766
"60" 11 6.51928579484467 0.523766415193677
"61" 12 11.3720334816644 0
"62" 12 20.6841950747988 0.251986094517633
"63" 12 6.09563394121479 0.569361187750474
"64" 12 4.55148693449515 0.808392547303811
"65" 13 7.85279651747531 0
"66" 13 17.9877631304021 0.417289546458051
"67" 13 12.9478847081235 0.4576047770679
"68" 13 10.8036904999931 0.510728393448517
"69" 13 6.18582559561697 0.659979414660484
"70" 13 7.745586698154 0.932664106599987
"71" 13 9.19213420027915 0.935590679291636
"72" 14 8.50021619659277 0
"73" 14 17.4486636662581 0.34913318301551
"74" 14 10.3758533146943 0.481635843869299
"75" 14 8.47537351523112 0.490367656573653
"76" 14 4.67210334145174 0.568053242517635
"77" 14 1.09681819224319 0.67431144695729
"78" 14 3.51121039446091 0.900401475140825
"79" 14 2.83733038982846 0.936500421026721
"80" 15 4.10897293690671 0
"81" 15 16.6318408250951 0.285529127111658
"82" 15 -3.78191978830433 0.839460963383317
"83" 15 6.8261617855108 0.990604339633137
"84" 16 2.91068249957286 0
"85" 16 -3.59167649510456 0.621742933290079
"86" 16 -3.15041640761211 0.644460884854198
"87" 16 -0.542810030602912 0.856970881577581
"88" 17 11.0144372014413 0
"89" 17 13.6885146635327 0.442786429543048
"90" 17 1.63471742083537 0.754350462695584
"91" 17 0.747568007178465 0.784902019891888
"92" 17 4.12963064644913 0.863993369275704
"93" 17 7.68610961491408 0.926454591099173
"94" 18 10.2734262062553 0
"95" 18 15.2443342161554 0.0986733662430197
"96" 18 19.0084232233728 0.157937347656116
"97" 18 21.3287320681733 0.278230353724211
"98" 18 4.12248150051671 0.556689974619076
"99" 18 0.713768943516669 0.824163773562759
"100" 18 -0.273381300674151 0.826844928087667
"101" 18 6.04746555410262 0.929221593542025
"102" 19 9.45375011413304 0
"103" 19 12.6550309806441 0.0524439055006951
"104" 19 19.637823140943 0.330680957995355
"105" 19 1.68267870786347 0.767891240539029
"106" 19 6.38840040611406 0.92401964077726
"107" 19 4.20562523139349 0.932131027802825
"108" 20 6.57212666979615 0
"109" 20 16.3645567627009 0.113200370455161
"110" 20 16.5418986522837 0.163701752200723
"111" 20 13.1919360701136 0.342866746243089
"112" 20 7.9174811899587 0.456386147299781
"113" 20 6.80957686366184 0.509118737187237
"114" 20 -0.283976276699959 0.642227206612006
"115" 21 7.6970437884751 0
"116" 21 13.3696734580932 0.0943691439460963
"117" 21 16.6884460229302 0.274233947740868
"118" 21 6.36085542137259 0.533658293541521
"119" 21 6.97512952704085 0.555017141159624
"120" 21 0.0965330533699569 0.607832510955632
"121" 21 0.529586160814119 0.634553585667163
"122" 21 -2.86696833285442 0.695507102180272
"123" 22 10.4727951022593 0
"124" 22 15.5724764592575 0.201533681480214
"125" 22 5.56826813574655 0.949749631807208
"126" 23 5.21476493946042 0
"127" 23 13.4656966783988 0.355937728425488
"128" 23 -0.862907291386236 0.700072700623423
"129" 23 -1.06042090487648 0.780103133292869
"130" 23 0.19724950514413 0.888569321017712
"131" 24 8.85357409365832 0
"132" 24 14.5294156343449 0.0776373175904155
"133" 24 17.7545478140067 0.134262385778129
"134" 24 16.995408775842 0.185161672066897
"135" 24 17.8754257293205 0.247559784911573
"136" 24 13.2186479922934 0.352669880492613
"137" 24 -2.33139375684831 0.781193764647469
"138" 25 6.13736129420755 0
"139" 25 8.56224997286537 0.455109593924135
"140" 25 7.57749165938446 0.507745093666017
"141" 25 2.09941056023435 0.949994152644649
"142" 26 9.27665157216324 0
"143" 26 12.5530980665476 0.116267465753481
"144" 26 15.8243159555946 0.228021725546569
"145" 26 13.749439866615 0.413268690463156
"146" 26 7.25396109502981 0.55281222704798
"147" 26 4.46843305448548 0.75004007993266
"148" 26 5.12029144920987 0.883475191658363
"149" 27 9.37097327650599 0
"150" 27 11.8433455976245 0.100269032176584
"151" 27 6.23037748456279 0.531841961899772
"152" 27 0.832496358286809 0.798116323072463
"153" 27 2.21596644709024 0.841801495756954
"154" 28 9.07511679159124 0
"155" 28 11.3185871244841 0.0427930315490812
"156" 28 12.5534276215538 0.0650154212489724
"157" 28 13.6989033961219 0.13274321728386
"158" 28 16.2183962332062 0.229288406902924
"159" 28 -2.84891169312351 0.774475146085024
"160" 29 9.4514973541119 0
"161" 29 9.70707072776908 0.0338199741672724
"162" 29 12.2417845481352 0.0632447807583958
"163" 29 15.9710358415708 0.113452734891325
"164" 29 20.0001717258812 0.187945441808552
"165" 29 15.0566291574415 0.4084003996104
"166" 29 -2.51089105379144 0.737860705237836
"167" 30 7.55939411157434 0
"168" 30 18.9207200785535 0.194178883219138
"169" 30 18.045750269223 0.283510715467855
"170" 30 2.07213500654996 0.620904780458659
"171" 30 2.62189449827108 0.643111762590706
"172" 30 -3.15442429256739 0.741252850042656
"173" 30 2.49738016910595 0.935408411547542
