"id" "w_obs" "t_ij"
"1" 1 6.62538578330591 0
"2" 1 18.0391117059525 0.177934949751943
"3" 1 -0.0771923392803016 0.768418929539621
"4" 1 -2.55834508406186 0.800871922867373
"5" 1 2.15595815933962 0.849595725070685
"6" 1 9.3090360446901 0.981330706272274
"7" 2 7.39874117387238 0
"8" 2 13.738991515079 0.378294437425211
"9" 2 -1.27711821123064 0.838293485576287
"10" 2 2.3759221160184 0.929084912175313
"11" 3 8.19119130481029 0
"12" 3 16.5264168584563 0.0899552716873586
"13" 3 21.3215755623345 0.219874845817685
"14" 3 19.1044336952342 0.255640106741339
"15" 3 3.46877363187387 0.571667219977826
"16" 4 15.9976974465795 0
"17" 4 20.5660936734752 0.0633103710133582
"18" 4 23.2878371570779 0.313244555611163
"19" 4 2.38984733306593 0.710079311393201
"20" 4 5.32245711500998 0.867563483305275
"21" 4 8.83323694396105 0.889906364725903
"22" 5 8.93884016770674 0
"23" 5 20.3316353843821 0.13837790931575
"24" 5 21.8768722944809 0.278841690858826
"25" 5 20.6828696537282 0.340156993363053
"26" 5 16.0728429683732 0.394631963921711
"27" 5 1.776048259138 0.718808280769736
"28" 5 0.23468437431966 0.737745496444404
"29" 6 6.79600849301397 0
"30" 6 12.074025096531 0.120918530505151
"31" 6 17.7412068634523 0.233842677203938
"32" 6 13.3645092110548 0.424510114593431
"33" 6 2.93008375841131 0.664364815922454
"34" 6 2.83755431124855 0.717627538135275
"35" 6 2.24511599377315 0.86018171813339
"36" 6 -1.24692621646609 0.874212432885543
"37" 7 7.13619670312576 0
"38" 7 13.0683255137839 0.146576647413895
"39" 7 13.3200421617656 0.218027572147548
"40" 7 9.97648017168044 0.428407625760883
"41" 7 -5.15786316867403 0.682079563615844
"42" 7 2.20658784336039 0.892792355269194
"43" 8 12.1966692801464 0
"44" 8 13.0016927063704 0.480794713133946
"45" 8 2.85692546986804 0.686086442321539
"46" 8 8.90864432285544 0.911465202923864
"47" 8 11.325461398158 0.986278349999338
"48" 9 13.8237038132308 0
"49" 9 19.9431280720792 0.277104892535135
"50" 9 3.31066428753429 0.845028575742617
"51" 10 14.5795576421079 0
"52" 10 18.0430061802496 0.0144543317146599
"53" 10 19.1068127627978 0.0479792435653508
"54" 10 8.91018172202206 0.591825218871236
"55" 10 10.3484819986602 0.609188320813701
"56" 10 2.36425929268803 0.70515026897192
"57" 11 8.75500496599457 0
"58" 11 8.13322213767579 0.491033365251496
"59" 11 3.32998688697141 0.522444327827543
"60" 11 5.11908356045033 0.97071676934138
"61" 12 11.8633119462467 0
"62" 12 15.100008996778 0.467920594848692
"63" 12 6.58654851636718 0.676429475657642
"64" 12 0.788247742869083 0.723316517658532
"65" 13 7.86351646151916 0
"66" 13 19.7575985863876 0.180273003643379
"67" 13 18.301491097123 0.19670691061765
"68" 13 4.4640349828799 0.52682729694061
"69" 13 4.99352435166091 0.559610517695546
"70" 13 1.78089835585435 0.648206999758258
"71" 13 1.45373866559331 0.660064612515271
"72" 14 8.09106921308474 0
"73" 14 10.4596375222062 0.0270895324647427
"74" 14 19.3536469554841 0.264399501262233
"75" 14 16.9872062196934 0.294657186139375
"76" 14 15.9080012277515 0.322088543325663
"77" 14 11.5517819121796 0.480662452522665
"78" 14 -2.39381652674778 0.719071174738929
"79" 14 4.80581764905874 0.981707927305251
"80" 15 12.0591254713163 0
"81" 15 12.5286251412936 0.475772261852399
"82" 15 6.71819086070512 0.608219662914053
"83" 15 3.96964198196496 0.643455224577338
"84" 16 13.3851605969377 0
"85" 16 26.5436414779479 0.230422375258058
"86" 16 19.451285200294 0.430634576827288
"87" 16 15.9104615185884 0.439538477221504
"88" 17 6.05673952982946 0
"89" 17 4.79849548100688 0.581486403476447
"90" 17 -3.10485932536134 0.681846082443371
"91" 17 -1.60696027043662 0.701179218944162
"92" 17 -1.30072856657209 0.709546361817047
"93" 17 0.187373423870513 0.748189138714224
"94" 18 11.8066822105393 0
"95" 18 22.1107365411073 0.121115491492674
"96" 18 21.7264974464403 0.392173498636112
"97" 18 17.3873123245511 0.409770548343658
"98" 18 17.1255177336164 0.44073732290417
"99" 18 6.34971448837439 0.568795790430158
"100" 18 7.6997033985194 0.618577254470438
"101" 18 3.56839124319493 0.749200233025476
"102" 19 8.29965527089874 0
"103" 19 10.9246394931577 0.00848220312036574
"104" 19 16.9908051925321 0.115341061493382
"105" 19 16.6303541763334 0.372072183527052
"106" 19 0.480893416918512 0.758370529860258
"107" 19 -0.298679664620546 0.839478518115357
"108" 20 15.4264178893997 0
"109" 20 19.3609486478611 0.270547634223476
"110" 20 2.28079954909571 0.793264742940664
"111" 20 4.57451043399582 0.891245803795755
"112" 20 4.35224477329092 0.923272275365889
"113" 20 7.06328459096719 0.925489570014179
"114" 20 8.59072175196244 0.93023421196267
"115" 21 7.03006836012021 0
"116" 21 18.6003002779382 0.180317937862128
"117" 21 16.8775208271563 0.242336108349264
"118" 21 0.625849948648007 0.613080506678671
"119" 21 -4.00231533501662 0.685988768236712
"120" 21 -2.33178516744293 0.805497972294688
"121" 21 -1.37140567125669 0.815666266949847
"122" 21 -1.41215410634656 0.87832081085071
"123" 22 12.4530474743353 0
"124" 22 21.0535891248699 0.273013906786218
"125" 22 4.24548998226155 0.842333849286661
"126" 23 8.19363356763789 0
"127" 23 13.3367305766391 0.07133265491575
"128" 23 9.28416890425033 0.468317769235
"129" 23 5.99010034080274 0.547715218970552
"130" 23 -0.0119032666562696 0.727941673481837
"131" 24 9.67985624317529 0
"132" 24 15.3611241381133 0.102935418020934
"133" 24 17.733070153863 0.299792411271483
"134" 24 -0.3401060356591 0.675870605977252
"135" 24 -1.41249482544531 0.750294167082757
"136" 24 1.6639353769365 0.766180050093681
"137" 24 9.93552691747673 0.961656990228221
"138" 25 9.02119406761689 0
"139" 25 10.9592665486151 0.0971686034463346
"140" 25 0.0225604288491694 0.780916285933927
"141" 25 -0.362839088557716 0.804057865403593
"142" 26 12.1438175340294 0
"143" 26 15.636941023269 0.0531378486193717
"144" 26 13.5590359989867 0.121479149907827
"145" 26 16.5303415131208 0.138711095089093
"146" 26 16.775121241933 0.337381535675377
"147" 26 1.93507568100562 0.712614188436419
"148" 26 0.808284316430079 0.855749235255644
"149" 27 8.64176790090991 0
"150" 27 17.1017820433903 0.111646919045597
"151" 27 0.746860710090137 0.668678767513484
"152" 27 -1.96578440795477 0.783290809486061
"153" 27 5.14406080240875 0.906881425064057
"154" 28 8.44438830492199 0
"155" 28 12.8328253521224 0.311726702610031
"156" 28 15.3684862820795 0.33286450849846
"157" 28 6.56919425157363 0.453197061782703
"158" 28 6.25210963590873 0.570938557619229
"159" 28 -2.94665866755176 0.690992522751912
"160" 29 10.0573094484645 0
"161" 29 25.2186009348937 0.134891051100567
"162" 29 21.3779531179781 0.213967244606465
"163" 29 22.4511631904966 0.295460765017197
"164" 29 6.73944486751267 0.647622884018347
"165" 29 3.13739103922095 0.700244150822982
"166" 29 15.3908431554413 0.982006216188893
"167" 30 8.52098330257705 0
"168" 30 12.0416811989999 0.00285146781243384
"169" 30 5.75469377715489 0.0159710652660578
"170" 30 2.08200712773901 0.568132029380649
"171" 30 0.895643181096302 0.720048553310335
"172" 30 3.22973369535523 0.925969572504982
"173" 30 5.22923399372289 0.977419921895489
