"id" "w_obs" "t_ij"
"1" 1 4.8338466602176 0
"2" 1 5.28923695022992 0.0192179847508669
"3" 1 15.2095374754276 0.102438610745594
"4" 1 19.4977644201075 0.219244566978887
"5" 1 17.654113095737 0.284229267621413
"6" 1 15.2828372608799 0.37925368687138
"7" 2 11.4243770074849 0
"8" 2 8.39240670092268 0.46378287114203
"9" 2 -1.31832185752455 0.759260318940505
"10" 2 6.88876077059429 0.96171441487968
"11" 3 13.322773289213 0
"12" 3 16.8863426297945 0.119367583887652
"13" 3 17.0910026453328 0.373480278532952
"14" 3 4.47146353188794 0.570761413546279
"15" 3 3.57722103782416 0.85042051342316
"16" 4 12.0939777847756 0
"17" 4 15.4311948493395 0.413113695569336
"18" 4 7.6829967167932 0.534144351258874
"19" 4 7.20156369681114 0.56139609310776
"20" 4 6.17521387568064 0.892878526123241
"21" 4 9.99603977122126 0.950348495971412
"22" 5 12.4566714895313 0
"23" 5 18.5866091013432 0.105508179403841
"24" 5 24.1700755902389 0.279983487911522
"25" 5 20.0849112422279 0.363349156221375
"26" 5 20.573571736511 0.402216484770179
"27" 5 7.28849912808507 0.668664327822626
"28" 5 5.79587977762232 0.778186069568619
"29" 6 5.14638190022027 0
"30" 6 18.7852841167297 0.173357186838984
"31" 6 17.8094461416593 0.329710558289662
"32" 6 5.81691540341368 0.477456334745511
"33" 6 1.01589698919948 0.570979865500703
"34" 6 3.93886145004351 0.57566039217636
"35" 6 3.29649828092892 0.721367804799229
"36" 6 -0.116112256748622 0.743337521096691
"37" 7 10.5847396684833 0
"38" 7 23.2365658251067 0.225772379199043
"39" 7 19.5500841944876 0.253423684975132
"40" 7 4.17099254678396 0.591297755250707
"41" 7 2.58507334922561 0.648574342718348
"42" 7 -0.0168323322773316 0.807137730997056
"43" 8 13.8910691680942 0
"44" 8 14.0646296629084 0.0236558299511671
"45" 8 3.05681943092545 0.69595790700987
"46" 8 0.984174229987137 0.71846329420805
"47" 8 3.61847715692253 0.790674899704754
"48" 9 5.2083664093668 0
"49" 9 -4.91580159509829 0.707405858207494
"50" 9 -3.07447399625844 0.873591101495549
"51" 10 8.2907173462637 0
"52" 10 17.4945665699721 0.171962334541604
"53" 10 2.6514637711001 0.560881551122293
"54" 10 -1.1585217339156 0.662831180263311
"55" 10 -2.61786893795408 0.741446678061038
"56" 10 -0.754394897898847 0.879432809073478
"57" 11 10.3871554346471 0
"58" 11 18.7702867156526 0.1157243384514
"59" 11 23.9240157711562 0.272969854064286
"60" 11 18.0207940841464 0.39617187785916
"61" 12 9.40681829392571 0
"62" 12 11.8754834048925 0.0456771946046501
"63" 12 14.4275133481893 0.115388597361743
"64" 12 2.44918901627564 0.878889440093189
"65" 13 11.4097863673407 0
"66" 13 16.9144409143226 0.110942741157487
"67" 13 22.1389666517743 0.215395701583475
"68" 13 3.11211983735747 0.618305970914662
"69" 13 2.52243176165514 0.66869216458872
"70" 13 1.88517893860866 0.807865919312462
"71" 13 3.23544548744828 0.890865894267336
"72" 14 4.30657713521427 0
"73" 14 11.0309843665382 0.0548268868587911
"74" 14 13.803395220554 0.164219880010933
"75" 14 1.74017302908784 0.557208513608202
"76" 14 -2.0388381636376 0.667215027380735
"77" 14 -4.39383699630727 0.668281366350129
"78" 14 -5.18807187715738 0.66909678070806
"79" 14 -4.37553604817023 0.858371503651142
"80" 15 8.96933364410035 0
"81" 15 19.5394530735374 0.381662897765636
"82" 15 12.8782652979057 0.395957690896466
"83" 15 2.42094386378174 0.851335776271298
"84" 16 3.79777684140567 0
"85" 16 13.2919375365903 0.212727930396795
"86" 16 10.0580050089288 0.453518645372242
"87" 16 2.57419707333546 0.957454717950895
"88" 17 12.7204664395536 0
"89" 17 17.5807474006484 0.360964437946677
"90" 17 14.5090316365159 0.404390431242064
"91" 17 1.842667338384 0.687356883892789
"92" 17 7.13589680371256 0.97381034004502
"93" 17 10.2297388767361 0.994632432004437
"94" 18 0.367696635055403 0
"95" 18 5.84965263395756 0.0175486728549004
"96" 18 4.92302582748485 0.0187236489728093
"97" 18 13.2898453266761 0.181774553610012
"98" 18 16.9296346841063 0.200228669447824
"99" 18 -5.15654118174443 0.670602483674884
"100" 18 -4.97801740115955 0.77094199298881
"101" 18 3.23274667245437 0.944228962529451
"102" 19 4.43030306350297 0
"103" 19 18.307449029185 0.314623142592609
"104" 19 12.732668526477 0.369989255210385
"105" 19 8.79045000503852 0.426856714067981
"106" 19 2.95735768529099 0.507256397046149
"107" 19 -4.10283067351128 0.710640950128436
"108" 20 9.62229691296637 0
"109" 20 14.1264047548877 0.386868678033352
"110" 20 16.240641658642 0.401581744430587
"111" 20 -0.196862102531856 0.772379732690752
"112" 20 0.808692866278648 0.843801145907491
"113" 20 7.99823231026937 0.955931366421282
"114" 20 9.76694314040062 0.985612680437043
"115" 21 11.5202345394651 0
"116" 21 15.7937680993622 0.0895582248922437
"117" 21 17.4145115799086 0.205425189808011
"118" 21 16.5621821078183 0.314395272405818
"119" 21 16.4546602396394 0.438980212667957
"120" 21 2.46122784948495 0.584310356294736
"121" 21 0.028370217500746 0.803336170036346
"122" 21 3.68533423589598 0.862390822265297
"123" 22 16.0216452667983 0
"124" 22 25.0548588064165 0.323870378080755
"125" 22 10.6236209374688 0.578432108741254
"126" 23 9.75978486758753 0
"127" 23 19.375860201995 0.205094937467948
"128" 23 5.41720418125712 0.575212038354948
"129" 23 1.46027783863033 0.699140838114545
"130" 23 5.07188292899145 0.864458243129775
"131" 24 10.4009158550669 0
"132" 24 11.943115064937 0.0397726960945875
"133" 24 16.9556952964475 0.192316386848688
"134" 24 21.7937575908219 0.225101445103064
"135" 24 20.647460984203 0.283559539820999
"136" 24 10.1564675632747 0.484861283563077
"137" 24 -0.193941610746724 0.792722183046862
"138" 25 7.29049378118285 0
"139" 25 15.8254664601993 0.0873769258614629
"140" 25 9.08510127662937 0.489363968139514
"141" 25 7.18348225055515 0.544056814862415
"142" 26 9.10925301901235 0
"143" 26 14.2247017431683 0.307748729363084
"144" 26 20.7071823271055 0.308980921050534
"145" 26 10.2918696681851 0.507446906529367
"146" 26 -0.587076441311334 0.763170000631362
"147" 26 -0.702552968295783 0.81917452136986
"148" 26 4.45342975080927 0.981588812312111
"149" 27 8.9589446122573 0
"150" 27 6.4476733816716 0.0144265762064606
"151" 27 -5.14599904295979 0.700708014657721
"152" 27 -2.70452063079757 0.844277264550328
"153" 27 1.16270327260494 0.913885130314156
"154" 28 10.5004380197505 0
"155" 28 13.8657952157332 0.0622850141953677
"156" 28 14.3184080887077 0.116619007661939
"157" 28 23.6449493838246 0.245619264198467
"158" 28 2.87717872704785 0.757453248137608
"159" 28 7.91432825762881 0.92748231254518
"160" 29 9.98633028356128 0
"161" 29 16.6461072563672 0.1102479333058
"162" 29 20.3636958858092 0.264179327292368
"163" 29 19.0670288644678 0.292196148540825
"164" 29 19.1002266341931 0.351090389071032
"165" 29 11.2594411119646 0.477580799022689
"166" 29 3.40461202253301 0.672669615829363
"167" 30 15.056451398042 0
"168" 30 22.178515854439 0.0849635044578463
"169" 30 18.4294055966315 0.428247406613082
"170" 30 13.8978044804033 0.509606254519895
"171" 30 4.06122413928803 0.854410724714398
"172" 30 6.54066884621968 0.860637084115297
"173" 30 8.97155889374024 0.900134103605524
