"id" "w_obs" "t_ij"
"1" 1 9.4766275661357 0
"2" 1 16.2525385905353 0.167414528783411
"3" 1 18.7124137166401 0.23765706922859
"4" 1 12.98577604647 0.437152855563909
"5" 1 2.75937918139114 0.556300112511963
"6" 1 5.0525522999898 0.943925335770473
"7" 2 10.2716713719985 0
"8" 2 12.9786075588342 0.0175114509183914
"9" 2 21.2188603722434 0.320394451497123
"10" 2 15.686767263539 0.429488769499585
"11" 3 8.50902067876625 0
"12" 3 18.4137181833492 0.164815332042053
"13" 3 10.5105472579931 0.443557167891413
"14" 3 1.79598458647129 0.79158269171603
"15" 3 8.72221125779795 0.97685592295602
"16" 4 14.686630031818 0
"17" 4 20.0699958903974 0.11184269352816
"18" 4 16.9019391735268 0.113189234165475
"19" 4 17.3575141579996 0.344212719006464
"20" 4 11.3003351022003 0.436142622493207
"21" 4 0.549898584601414 0.588731124764308
"22" 5 8.48654401455758 0
"23" 5 14.7486076935131 0.35003510909155
"24" 5 11.5358551854815 0.472128720255569
"25" 5 5.82612871028419 0.58702218090184
"26" 5 5.34602070226019 0.58806173177436
"27" 5 -2.57984860733883 0.710034386487678
"28" 5 3.36442208252878 0.920867900829762
"29" 6 13.5625605442881 0
"30" 6 22.3363377098676 0.185673940461129
"31" 6 22.4673696450928 0.334316433873028
"32" 6 21.1904440937717 0.365428671240807
"33" 6 23.9019298042857 0.374483689665794
"34" 6 18.4579423398541 0.444547837367281
"35" 6 6.72036917448782 0.733516157604754
"36" 6 10.5393505976964 0.956843845313415
"37" 7 11.0416344032481 0
"38" 7 21.3668095211916 0.206583075691015
"39" 7 20.7860621922541 0.300116401864216
"40" 7 16.5805132948048 0.406151725677773
"41" 7 0.366719952711058 0.659171074163169
"42" 7 6.9263828329804 0.963211946189404
"43" 8 11.9345279936115 0
"44" 8 7.83096647790679 0.554734487785026
"45" 8 7.1342815711453 0.567550577688962
"46" 8 4.96091303861064 0.647076707333326
"47" 8 2.39471092083179 0.721216995967552
"48" 9 11.3488494295951 0
"49" 9 15.5594916710738 0.0781578570604324
"50" 9 3.2613916656057 0.766397368395701
"51" 10 6.8410454712121 0
"52" 10 8.16130303322171 0.0135030546225607
"53" 10 10.6340851253111 0.0408969896379858
"54" 10 11.1439935007131 0.0459998999722302
"55" 10 16.8069383010328 0.407034889096394
"56" 10 3.87157520900163 0.599358455976471
"57" 11 14.4409395969196 0
"58" 11 15.9243949915381 0.0244912309572101
"59" 11 22.3798912590741 0.358481349423528
"60" 11 4.39323212500484 0.730359250912443
"61" 12 8.53389596632719 0
"62" 12 16.9724819043383 0.105574422515929
"63" 12 14.7003898934311 0.389405749505386
"64" 12 5.83998056414471 0.622411558637396
"65" 13 12.5584721172624 0
"66" 13 13.5278149255772 0.0370342158712447
"67" 13 16.1964774101139 0.4417290459387
"68" 13 9.89190663665545 0.516227866988629
"69" 13 1.82366429908926 0.619943127501756
"70" 13 3.02838178915544 0.764071153942496
"71" 13 6.99407893417078 0.917331645032391
"72" 14 11.0509764921549 0
"73" 14 17.2532257733681 0.364311838056892
"74" 14 10.9448769727276 0.458886034553871
"75" 14 13.1548187101948 0.466096062213183
"76" 14 2.50628223664584 0.629742295714095
"77" 14 0.22948055210684 0.678043975494802
"78" 14 2.99482391431124 0.807811471400782
"79" 14 6.26164064496085 0.925020389957353
"80" 15 12.7687912320217 0
"81" 15 15.1564172409736 0.090691773686558
"82" 15 15.64213316736 0.127089601941407
"83" 15 0.685928343654495 0.73492743098177
"84" 16 8.92112368691458 0
"85" 16 4.04335206596551 0.642057356890291
"86" 16 6.68258647044914 0.912964704213664
"87" 16 9.44945628808307 0.969558764714748
"88" 17 8.33885428581204 0
"89" 17 14.3268375234994 0.148427674081177
"90" 17 19.0101921537825 0.267578892875463
"91" 17 -3.8138343627529 0.713987016119063
"92" 17 -1.730620738674 0.730518919648603
"93" 17 6.09539112356407 0.990252271527424
"94" 18 13.6744408529028 0
"95" 18 14.6853905992501 0.0832363476511091
"96" 18 20.3889622969101 0.205921164480969
"97" 18 19.8905990747368 0.296758224023506
"98" 18 17.3358467379191 0.306821341859177
"99" 18 19.5187789917904 0.308953610714525
"100" 18 6.95483433354735 0.608536977786571
"101" 18 2.85136196966603 0.931390681304038
"102" 19 13.7207730901979 0
"103" 19 21.551971517383 0.205159689998254
"104" 19 20.3974909415782 0.229787118034437
"105" 19 21.0342613006212 0.266656845109537
"106" 19 14.880974307151 0.514368586940691
"107" 19 8.55366052493399 0.92723405174911
"108" 20 13.1393673131827 0
"109" 20 18.3437900661663 0.12102621095255
"110" 20 15.7081284058152 0.422823194880038
"111" 20 -0.935901931280862 0.752098388271406
"112" 20 -0.347540039259766 0.772871722932905
"113" 20 3.69548311404563 0.902943662833422
"114" 20 8.50939178346198 0.972718062344939
"115" 21 12.7517309723648 0
"116" 21 13.477137245883 0.0266252586152405
"117" 21 13.7237995783446 0.0390480051282793
"118" 21 20.619135398503 0.414788939291611
"119" 21 19.2816214868977 0.438185549573973
"120" 21 1.34559883260351 0.74117319448851
"121" 21 3.2788878446853 0.748465387383476
"122" 21 8.94626734325711 0.946698501938954
"123" 22 12.191107698423 0
"124" 22 6.73721272969027 0.655432124622166
"125" 22 11.9155498435629 0.979049181099981
"126" 23 11.4577551187515 0
"127" 23 17.8161286741462 0.0943913091905415
"128" 23 16.6912075762699 0.44549347832799
"129" 23 10.4849119507524 0.49395676725544
"130" 23 6.58688289527118 0.571934988489375
"131" 24 5.07913223541491 0
"132" 24 10.5991023895222 0.0651917227078229
"133" 24 14.6359422009409 0.0667741284705699
"134" 24 16.1589273988807 0.209616132313386
"135" 24 14.6489586758223 0.27873461949639
"136" 24 0.619958552368273 0.617648093495518
"137" 24 -2.91873130544805 0.776620279299095
"138" 25 13.367314609514 0
"139" 25 18.7456261498257 0.326850602636114
"140" 25 2.52660032076467 0.73955960967578
"141" 25 0.206715203162007 0.817263524979353
"142" 26 6.97477332752205 0
"143" 26 17.6093152971436 0.281350578879938
"144" 26 11.0573364200155 0.50953623582609
"145" 26 1.38234476631803 0.630461933789775
"146" 26 1.03391917098832 0.63770463084802
"147" 26 0.949563581082162 0.764710812363774
"148" 26 1.9013062903099 0.83344873925671
"149" 27 5.89082206366438 0
"150" 27 1.15962758126768 0.591116329887882
"151" 27 2.61723196007221 0.596217740792781
"152" 27 0.639095142312914 0.60560804605484
"153" 27 -4.41199548509563 0.722786049591377
"154" 28 10.5278544646249 0
"155" 28 17.6846322659375 0.392552629346028
"156" 28 10.3178619521316 0.531198692508042
"157" 28 1.19929149638283 0.748779917834327
"158" 28 1.72341274411638 0.757653341861442
"159" 28 0.206149313086687 0.765551791293547
"160" 29 15.2041935200034 0
"161" 29 18.5138426307084 0.0455439437646419
"162" 29 21.8977777369978 0.369358699535951
"163" 29 10.1493270872903 0.587433796608821
"164" 29 9.36815096595312 0.794529772130772
"165" 29 10.2792957170453 0.956544448854402
"166" 29 14.2399251192631 0.993398484075442
"167" 30 8.96678856456738 0
"168" 30 12.1343981662524 0.0182160625699908
"169" 30 15.3071713590752 0.16106218425557
"170" 30 19.2219296743514 0.193416436435655
"171" 30 10.2446926927444 0.496264344546944
"172" 30 -4.44391688372785 0.679891327163205
"173" 30 7.06313594900233 0.995624361326918
