"id" "w_obs" "t_ij"
"1" 1 16.6708410291002 0
"2" 1 19.2549593236461 0.146091694012284
"3" 1 23.3094979367781 0.222830421989784
"4" 1 3.11736969939561 0.665127388667315
"5" 1 0.936461879370641 0.67407042789273
"6" 1 0.933560428403399 0.677028746344149
"7" 2 14.8902747412548 0
"8" 2 24.9867531009434 0.181006854632869
"9" 2 5.59207134190627 0.647150998702273
"10" 2 4.59979178737525 0.806394830811769
"11" 3 9.71969742881413 0
"12" 3 13.1401705128392 0.0475461413152516
"13" 3 18.216176986393 0.290263212285936
"14" 3 0.50063937924835 0.888968498446047
"15" 3 1.59510282290625 0.951565999537706
"16" 4 10.4831494922186 0
"17" 4 11.9164774255726 0.186660288833082
"18" 4 20.0344508302838 0.238211180781946
"19" 4 20.2232558833211 0.318885842571035
"20" 4 13.1685431697072 0.383850392419845
"21" 4 8.99502370851133 0.491953898686916
"22" 5 10.5474508050465 0
"23" 5 14.790144454805 0.42695730808191
"24" 5 11.2010870423377 0.481541902059689
"25" 5 11.1615849164326 0.507703750627115
"26" 5 1.19667183322131 0.737293794751167
"27" 5 -0.26270908238512 0.744523982284591
"28" 5 1.67892365818204 0.937848742119968
"29" 6 10.6943526488858 0
"30" 6 9.15303048264652 6.2418868765235e-05
"31" 6 13.7303663941599 0.0611428013071418
"32" 6 20.3959829428763 0.222902584122494
"33" 6 17.9300731954546 0.396164936944842
"34" 6 11.6689788721826 0.482728829840198
"35" 6 6.42674249899366 0.644418090116233
"36" 6 -1.1032605997752 0.783540139440447
"37" 7 14.2000884201485 0
"38" 7 10.9391651991416 0.0341850656550378
"39" 7 23.0720638173502 0.20853293617256
"40" 7 3.54638285553537 0.858269870048389
"41" 7 8.92858163179121 0.905079684685916
"42" 7 9.851792347637 0.959938355488703
"43" 8 11.3543132056946 0
"44" 8 15.8194778396605 0.344986668322235
"45" 8 5.51268890328557 0.522601643344387
"46" 8 1.28888815599206 0.62508662045002
"47" 8 2.4220625482846 0.867313491879031
"48" 9 17.8754676899539 0
"49" 9 22.5669456469806 0.141099361237139
"50" 9 18.7374753771642 0.441946414299309
"51" 10 8.05290561653407 0
"52" 10 17.4975222454778 0.157623016741127
"53" 10 -0.161700395050063 0.605287129757926
"54" 10 1.01509043448037 0.7718436694704
"55" 10 -1.8734209010397 0.79889653576538
"56" 10 -0.012463307637634 0.815032038604841
"57" 11 13.8351193189804 0
"58" 11 3.84642544627414 0.635304021416232
"59" 11 2.72973856444559 0.645093309227377
"60" 11 5.01995111255069 0.849990598624572
"61" 12 2.35304002866078 0
"62" 12 6.00538179842364 0.473193212877959
"63" 12 4.70918736035745 0.496116048423573
"64" 12 -6.69470564411274 0.7816318848636
"65" 13 7.30741362108733 0
"66" 13 15.1323864091405 0.0809333750512451
"67" 13 16.8450501454812 0.34188626636751
"68" 13 11.8458457628178 0.460138441761956
"69" 13 5.5879933331395 0.609199289232492
"70" 13 4.01162703969629 0.862095174612477
"71" 13 6.1373701637639 0.945641371654347
"72" 14 11.255299057768 0
"73" 14 13.4069065370838 0.110995343886316
"74" 14 20.0277719089285 0.320580127183348
"75" 14 19.5603354898958 0.365829095244408
"76" 14 1.69429958608346 0.650786091340706
"77" 14 4.37285122149175 0.875720975454897
"78" 14 3.80562516259058 0.87862192816101
"79" 14 6.11793378930865 0.93356247805059
"80" 15 10.9613147848763 0
"81" 15 13.5686020952795 0.0408761373255402
"82" 15 11.6900458400381 0.0734867143910378
"83" 15 2.01913998279177 0.887866987613961
"84" 16 10.6035093287936 0
"85" 16 19.2546049328383 0.169573972234502
"86" 16 16.1637562386991 0.444720170926303
"87" 16 8.43899759050296 0.962406993377954
"88" 17 9.5305004914242 0
"89" 17 12.8539224241543 0.109796046745032
"90" 17 16.8534831797604 0.377539016539231
"91" 17 12.2334068765901 0.461449394468218
"92" 17 -0.00579764792646176 0.68737870035693
"93" 17 -1.24760511374794 0.715964633505792
"94" 18 5.21809217276379 0
"95" 18 16.6870150768526 0.204902482684702
"96" 18 13.7017880112728 0.400746489409357
"97" 18 7.59174256320045 0.464502219110727
"98" 18 -0.945877405440065 0.668517009355128
"99" 18 0.324251843088566 0.720215804874897
"100" 18 -1.47102091500762 0.797196111176163
"101" 18 3.61270357356476 0.951979672769085
"102" 19 7.10014245122911 0
"103" 19 14.814533361549 0.0765957827679813
"104" 19 15.5644888017818 0.195141282398254
"105" 19 15.8421386374504 0.296072518685833
"106" 19 14.4148058934032 0.35546733206138
"107" 19 2.44163092501888 0.586018088972196
"108" 20 8.63173785932985 0
"109" 20 10.7836492323895 0.385756090749055
"110" 20 -0.819613836833678 0.743631057441235
"111" 20 -1.12538212652997 0.795584501000121
"112" 20 -1.85792826749743 0.807795668719336
"113" 20 4.23304161732969 0.950208869762719
"114" 20 9.66953648397608 0.989980600774288
"115" 21 9.73249182671156 0
"116" 21 20.5086626422835 0.240189864067361
"117" 21 16.381166206251 0.380450846627355
"118" 21 18.5470986254033 0.417616081191227
"119" 21 2.68277262804563 0.839399097021669
"120" 21 3.66616340101663 0.85760360211134
"121" 21 5.48943527994507 0.926464716438204
"122" 21 7.24434850804163 0.957358980318531
"123" 22 8.98718468360054 0
"124" 22 19.2673037369226 0.172953081317246
"125" 22 3.66188111306962 0.886477928375825
"126" 23 12.6445781782708 0
"127" 23 2.78290511433862 0.731202932307497
"128" 23 3.04391213449577 0.894295973936096
"129" 23 11.9073144596375 0.924639324191958
"130" 23 9.96131298442687 0.938124927692115
"131" 24 5.19829190741147 0
"132" 24 12.7724947443434 0.157887494424358
"133" 24 14.770370134523 0.294581438647583
"134" 24 13.3429387694159 0.410716691520065
"135" 24 -1.76861879118189 0.608475847169757
"136" 24 -5.20458017619326 0.712334287120029
"137" 24 -3.33384340241779 0.825644830940291
"138" 25 11.2219682332473 0
"139" 25 19.6408808153298 0.205379218095914
"140" 25 21.0745556889427 0.24762180657126
"141" 25 19.4812820229122 0.368652378907427
"142" 26 10.7458019094941 0
"143" 26 22.4083519037077 0.289195879129693
"144" 26 18.3913750089108 0.409036926459521
"145" 26 11.9772554739531 0.475229397183284
"146" 26 4.27216990215573 0.710839635459706
"147" 26 5.00336203039725 0.748995111323893
"148" 26 5.58993761747285 0.887835910078138
"149" 27 5.68174288876164 0
"150" 27 14.9505270931099 0.164530333830044
"151" 27 -0.746609005573968 0.587327261688188
"152" 27 -3.74903297711965 0.709694728255272
"153" 27 2.58784483683287 0.975067734019831
"154" 28 11.2314811758415 0
"155" 28 14.4812748929275 0.0527433070819825
"156" 28 19.935056051477 0.149577757809311
"157" 28 9.0647671768768 0.49858708307147
"158" 28 2.05715653562987 0.640766528202221
"159" 28 1.2350726961143 0.679429376497865
"160" 29 10.1473400261373 0
"161" 29 16.0696926179804 0.371123045217246
"162" 29 7.64221066054608 0.588951796293259
"163" 29 -0.595005242538149 0.741792357992381
"164" 29 -0.333387938170491 0.752372084651142
"165" 29 1.12516687866907 0.792866708477959
"166" 29 8.68595927119607 0.96511077391915
"167" 30 14.4140750103767 0
"168" 30 18.9220487175378 0.120250399922952
"169" 30 20.6223572067329 0.221551327267662
"170" 30 11.0537461061695 0.571257001487538
"171" 30 6.46288767429684 0.58936432027258
"172" 30 7.25619146731878 0.914827043423429
"173" 30 12.7249091295442 0.96883475757204
