"id" "w_obs" "t_ij"
"1" 1 9.19417371700669 0
"2" 1 4.68134943741182 0.0177611359395087
"3" 1 8.63219448210006 0.112526782555506
"4" 1 15.5300833597293 0.273350615985692
"5" 1 10.7191704698786 0.426102266879752
"6" 1 -0.109742746763313 0.920621602563188
"7" 2 15.22121506864 0
"8" 2 25.0429690415396 0.167625891510397
"9" 2 22.9793237910691 0.293063121382147
"10" 2 14.4617863028231 0.943013487849385
"11" 3 5.93363226857517 0
"12" 3 18.2730618129924 0.307868346106261
"13" 3 11.2805703356017 0.494264306267723
"14" 3 -0.0367108115296501 0.723346785642207
"15" 3 7.49428484551858 0.999453202821314
"16" 4 3.89280162211647 0
"17" 4 12.1681610070514 0.236057285452262
"18" 4 13.3556617854043 0.363195087993518
"19" 4 10.3115096975361 0.40358818275854
"20" 4 -3.33542972300698 0.843168096616864
"21" 4 -5.79865954086924 0.845145462080836
"22" 5 11.272160029376 0
"23" 5 22.5324308029359 0.279963170876727
"24" 5 23.4921565562851 0.293606252409518
"25" 5 13.3123944440797 0.446272782050073
"26" 5 6.4625413262211 0.603772646049038
"27" 5 4.75000313681377 0.624865553807467
"28" 5 5.36948127848514 0.807663506595418
"29" 6 9.43781254849619 0
"30" 6 11.23697891878 0.0711398781277239
"31" 6 14.2639440077091 0.0754296532832086
"32" 6 14.5520622466323 0.165797311812639
"33" 6 3.1472843166978 0.567183725070208
"34" 6 0.793603001380912 0.653046662453562
"35" 6 -2.53105586713551 0.703703369013965
"36" 6 -2.30571335377421 0.849780341610312
"37" 7 12.7907534891507 0
"38" 7 16.2096265773679 0.183243091451004
"39" 7 19.987429736986 0.224432337330654
"40" 7 20.0494429485747 0.262887576129287
"41" 7 3.10421561358725 0.90487204445526
"42" 7 7.10447095231098 0.943839966086671
"43" 8 11.4269634813715 0
"44" 8 18.3545190025562 0.181369847152382
"45" 8 20.3134536941509 0.311065065441653
"46" 8 15.9908444044494 0.363856666721404
"47" 8 7.48838773509013 0.506185256643221
"48" 9 2.57017137197535 0
"49" 9 -3.48747083372848 0.843504627933726
"50" 9 -5.60985805359257 0.861336316680536
"51" 10 7.34401577339778 0
"52" 10 16.157778294756 0.156026818556711
"53" 10 18.5415883243778 0.25702270376496
"54" 10 18.3441882400253 0.265235767001286
"55" 10 5.15903013978311 0.588628991506994
"56" 10 9.88592046370202 0.971269791014493
"57" 11 7.5754001661116 0
"58" 11 12.0191273317436 0.387947704643011
"59" 11 0.961504048551733 0.86475940188393
"60" 11 4.75269138989447 0.939972094725818
"61" 12 10.1213587003101 0
"62" 12 16.5273641902019 0.430694598704576
"63" 12 13.1278623168407 0.482452454743907
"64" 12 6.95181365022919 0.866841572802514
"65" 13 13.3796017395208 0
"66" 13 14.9561239865755 0.0947945264633745
"67" 13 9.72052199556404 0.537518895231187
"68" 13 4.50077688727938 0.644088942790404
"69" 13 2.8698547195624 0.704671578947455
"70" 13 -0.430827348643658 0.717984466813505
"71" 13 0.641681630813651 0.764473771676421
"72" 14 9.67286865794492 0
"73" 14 13.3988584645304 0.0189427575096488
"74" 14 11.3709852223494 0.0381287988275289
"75" 14 17.8662160582227 0.313361052423716
"76" 14 20.3330887340378 0.366166472900659
"77" 14 17.7750725565436 0.392391770612448
"78" 14 -0.431310889648445 0.733254915801808
"79" 14 -1.55817904106752 0.766580360243097
"80" 15 12.6383548572285 0
"81" 15 17.4541242129825 0.195184111827984
"82" 15 0.889916051170112 0.859198963502422
"83" 15 10.4757955184745 0.934242341667414
"84" 16 11.6798685806358 0
"85" 16 20.6550097762011 0.149651207728311
"86" 16 6.60952253777498 0.96331010828726
"87" 16 14.4570475485851 0.995653114281595
"88" 17 12.1593540360944 0
"89" 17 19.8294130625902 0.113960198825225
"90" 17 6.36926437252745 0.596845504827797
"91" 17 3.96031935439593 0.763598336372524
"92" 17 4.4781171319105 0.825536945601925
"93" 17 9.6188194473613 0.961809763219208
"94" 18 10.6103582634172 0
"95" 18 13.6349563225659 0.000319157727062702
"96" 18 16.2914824889113 0.40832726075314
"97" 18 14.4102670844495 0.413374913856387
"98" 18 11.4984995061689 0.474511377280578
"99" 18 4.44781803688552 0.578767045401037
"100" 18 4.43954199256751 0.873286511749029
"101" 18 11.5005681123849 0.978431018535048
"102" 19 7.4255831782825 0
"103" 19 13.1650140002214 0.052900806767866
"104" 19 18.6999639633506 0.177236975403503
"105" 19 15.9855064815952 0.34530146070756
"106" 19 -2.69978391670502 0.727350562345237
"107" 19 0.308018932458693 0.85637583467178
"108" 20 13.0550261562644 0
"109" 20 25.661698526649 0.246510107535869
"110" 20 21.0975565335146 0.266259014140815
"111" 20 12.5071391367617 0.455363261513412
"112" 20 6.16330571461195 0.65045489766635
"113" 20 3.4619437673612 0.858160074101761
"114" 20 13.8785283919104 0.971872765570879
"115" 21 8.3471489325602 0
"116" 21 17.2207094030354 0.171958872117102
"117" 21 20.8401308795717 0.212507030926645
"118" 21 17.0045929801439 0.299898561788723
"119" 21 16.7889892717821 0.312230239855126
"120" 21 15.162977793903 0.372560406802222
"121" 21 5.67617058427059 0.536734177032486
"122" 21 -0.795426232034921 0.625622063409537
"123" 22 16.5099000577935 0
"124" 22 22.2489308592784 0.34555470966734
"125" 22 8.24122001262232 0.613138049608096
"126" 23 8.8164153288127 0
"127" 23 16.0950160696727 0.0920259645208716
"128" 23 22.5285704233398 0.141350086778402
"129" 23 8.10061694125558 0.602711128769442
"130" 23 1.71695730011687 0.850297293160111
"131" 24 9.21515982061726 0
"132" 24 18.8940287649838 0.120057597523555
"133" 24 21.1526460821614 0.307834540260956
"134" 24 19.9758504764371 0.314054905902594
"135" 24 16.634389250551 0.373760432936251
"136" 24 4.97949954506763 0.606127321487293
"137" 24 -2.45106300496227 0.754355681827292
"138" 25 9.42196125771824 0
"139" 25 -0.468125558727277 0.622939333086833
"140" 25 -0.301739353025719 0.69261537049897
"141" 25 3.90259496340467 0.924362782854587
"142" 26 7.93198003394734 0
"143" 26 14.5571203523886 0.467388334684074
"144" 26 2.5791186281664 0.604597318219021
"145" 26 1.97750899847363 0.622941387118772
"146" 26 -0.098529355980276 0.74505796469748
"147" 26 -1.65434750258203 0.8032580120489
"148" 26 4.80044871248791 0.962855523684993
"149" 27 7.65854788120466 0
"150" 27 20.2458206411741 0.279680610867217
"151" 27 6.5212495993617 0.60869608214125
"152" 27 1.38517028457871 0.727676290553063
"153" 27 7.34089761507672 0.936768508516252
"154" 28 9.28586876879326 0
"155" 28 14.8070061890174 0.156263153767213
"156" 28 16.706942720874 0.238528652815148
"157" 28 7.8244833321878 0.470299070468172
"158" 28 -3.51677755482044 0.857657638844103
"159" 28 0.220602676789735 0.888619258301333
"160" 29 6.89239590661558 0
"161" 29 16.4931521580632 0.131852783728391
"162" 29 16.1017011307745 0.205296729458496
"163" 29 13.5785098253395 0.388288566609845
"164" 29 1.2476432033194 0.916950484504923
"165" 29 4.89322759530074 0.922462587943301
"166" 29 5.123109274794 0.969725763890892
"167" 30 12.8281040830721 0
"168" 30 14.088741590961 0.000493351835757494
"169" 30 18.6002602662112 0.190780984703451
"170" 30 17.7447134388387 0.274852209258825
"171" 30 15.89008123328 0.483360798330978
"172" 30 11.5873964181995 0.501440678490326
"173" 30 4.42618068437502 0.864608397008851
