"id" "w_obs" "t_ij"
"1" 1 12.6076962167347 0
"2" 1 13.0373348402022 0.0282055039424449
"3" 1 18.2670396816912 0.285493579925969
"4" 1 -1.24683864396841 0.643336172681302
"5" 1 2.161707379528 0.765861575026065
"6" 1 6.10003560961887 0.93753882101737
"7" 2 14.2907532619931 0
"8" 2 17.8629454284925 0.12135223345831
"9" 2 8.81572306661835 0.536997672403231
"10" 2 1.52334009379477 0.767598361475393
"11" 3 14.9179135995765 0
"12" 3 19.98121319113 0.116209692554548
"13" 3 20.4614464906164 0.358396066119894
"14" 3 14.4362341299966 0.477993675041944
"15" 3 11.7335856126396 0.510791546897963
"16" 4 11.0203908057155 0
"17" 4 12.970252755128 0.0135039067827165
"18" 4 12.7894952460452 0.47830289369449
"19" 4 6.04606179622935 0.708513129968196
"20" 4 2.38531753329221 0.838364057475701
"21" 4 4.5816612338321 0.90779396542348
"22" 5 16.2665229963362 0
"23" 5 17.0397602337976 0.0447124973870814
"24" 5 28.6087324084032 0.162549776257947
"25" 5 25.0738670443849 0.321237207623199
"26" 5 16.4070125218401 0.468729014275596
"27" 5 2.51983640745587 0.734586411854252
"28" 5 4.54968967724033 0.800856591435149
"29" 6 7.65659664520762 0
"30" 6 14.3982797635834 0.123250289121643
"31" 6 13.3019228981347 0.189271046081558
"32" 6 17.151665734117 0.344177955295891
"33" 6 11.0323247176729 0.430643513565883
"34" 6 11.6708416182906 0.487784798257053
"35" 6 6.4074918971016 0.540706190513447
"36" 6 2.15316548004052 0.585026146844029
"37" 7 13.6426988918875 0
"38" 7 21.7841063474354 0.096996929962188
"39" 7 11.8450860055784 0.528042288962752
"40" 7 8.57019270403977 0.637712241383269
"41" 7 2.94459711143001 0.656248794402927
"42" 7 4.59964189507378 0.864471164532006
"43" 8 12.1741056214145 0
"44" 8 17.8142559720206 0.398423464968801
"45" 8 11.5059875807808 0.468362303450704
"46" 8 5.29015947787133 0.641316035762429
"47" 8 8.11583385223267 0.935153569560498
"48" 9 13.6016825622109 0
"49" 9 20.1596685018147 0.173434104537591
"50" 9 4.4217269071782 0.850128747755662
"51" 10 12.2314366025335 0
"52" 10 13.951945482923 0.0375797376036644
"53" 10 20.3927497009675 0.289375640451908
"54" 10 21.6138221662619 0.319062126800418
"55" 10 3.43176170857648 0.825337200425565
"56" 10 1.23423467676044 0.852807350223884
"57" 11 8.04410997954335 0
"58" 11 18.8768922127166 0.173290843842551
"59" 11 9.85577492945779 0.559019928565249
"60" 11 4.28911610898505 0.939318962162361
"61" 12 9.3012432636876 0
"62" 12 17.2613223476042 0.30683048022911
"63" 12 3.88427145498428 0.912080641370267
"64" 12 5.51096152832169 0.942365733906627
"65" 13 13.3477789834804 0
"66" 13 16.1054099889424 0.341919266618788
"67" 13 14.0463211565039 0.458630681503564
"68" 13 3.22876823029703 0.706107347505167
"69" 13 -1.35954447197665 0.740382952382788
"70" 13 2.18995198600443 0.76782379229553
"71" 13 -0.873446685583271 0.792967959074304
"72" 14 11.1647094976258 0
"73" 14 18.3809983556787 0.222081067506224
"74" 14 19.7476477120804 0.27092764293775
"75" 14 15.6973027235734 0.400518496986479
"76" 14 6.50040958312263 0.558396976208314
"77" 14 6.40622375945016 0.566922958940268
"78" 14 6.46244598205361 0.604114041198045
"79" 14 -2.3499395309346 0.824533682316542
"80" 15 9.67182482749241 0
"81" 15 18.9471888948452 0.350177119718865
"82" 15 5.66292523248598 0.894152167486027
"83" 15 7.58332337236579 0.959534428780898
"84" 16 10.93916062634 0
"85" 16 11.9584631031583 0.467213762225583
"86" 16 2.50896490137875 0.643108105286956
"87" 16 -0.341008530106722 0.66531400452368
"88" 17 6.19259724485912 0
"89" 17 7.28768442122318 0.038734924281016
"90" 17 12.3605863520604 0.086718839360401
"91" 17 15.1441839306328 0.276246151421219
"92" 17 4.85591164697665 0.557478801580146
"93" 17 0.0098290557675309 0.806512799113989
"94" 18 10.6283960881703 0
"95" 18 20.6858574341938 0.170676924986765
"96" 18 22.7876553474951 0.180589613970369
"97" 18 13.6955416492495 0.444790680427104
"98" 18 10.8192153947616 0.506068751448765
"99" 18 4.90121250763605 0.717297432245687
"100" 18 4.14066270356516 0.891018539201468
"101" 18 3.47633447684649 0.891504245111719
"102" 19 13.3558252197795 0
"103" 19 19.6338277525686 0.297652422450483
"104" 19 11.3304980986369 0.509336765389889
"105" 19 5.89520227601455 0.579027111176401
"106" 19 2.31496700742241 0.643756666220725
"107" 19 -0.0392612983275483 0.749208826106042
"108" 20 18.2864850336701 0
"109" 20 26.2200831641724 0.146050667390227
"110" 20 25.7917777214372 0.287400852190331
"111" 20 14.6872853286337 0.552911872975528
"112" 20 16.3293604160272 0.561408555367962
"113" 20 8.32188864452256 0.638220017310232
"114" 20 12.760744048846 0.931223398307338
"115" 21 11.2465096858632 0
"116" 21 16.6006869517789 0.167869569035247
"117" 21 15.7121767910624 0.434402417624369
"118" 21 11.7501013013607 0.454544333508238
"119" 21 4.32954371262201 0.577758409781381
"120" 21 3.66935826460441 0.627503656316549
"121" 21 2.46334636058656 0.810877806972712
"122" 21 5.2767413069256 0.848777000792325
"123" 22 11.2600091537824 0
"124" 22 23.18826510156 0.212258614832535
"125" 22 1.94714933669413 0.581694436492398
"126" 23 10.1310049393637 0
"127" 23 21.1786272760108 0.235054608201608
"128" 23 3.74085281933778 0.572169709717855
"129" 23 3.28881861925659 0.715194590389729
"130" 23 9.826563002472 0.991439337842166
"131" 24 11.0731000923199 0
"132" 24 17.7248790371009 0.163545854389668
"133" 24 15.8025505797443 0.379813700914383
"134" 24 6.84313553332569 0.55498493113555
"135" 24 3.6914125833824 0.89586515375413
"136" 24 10.346402426034 0.977801175089553
"137" 24 10.3592094189556 0.982571508968249
"138" 25 7.70024604227123 0
"139" 25 11.0499277025138 0.0252228775061667
"140" 25 21.2614593701315 0.273024403955787
"141" 25 15.98360278678 0.406378777930513
"142" 26 8.80255552503014 0
"143" 26 19.64188773003 0.206778338877484
"144" 26 21.9789750550169 0.268887758487836
"145" 26 17.6346354779454 0.346060247626156
"146" 26 4.4556242789615 0.585099344840273
"147" 26 3.74701300236177 0.616523684933782
"148" 26 6.79759151055099 0.93400518852286
"149" 27 12.2230595429917 0
"150" 27 13.3185616346442 0.0607474995777011
"151" 27 18.9025067978464 0.103075220482424
"152" 27 21.6158273245095 0.332555043278262
"153" 27 3.62285593087475 0.761533550918102
"154" 28 11.9739160400457 0
"155" 28 22.0351902662203 0.136611299589276
"156" 28 16.847060541905 0.164466726826504
"157" 28 10.4653307889785 0.500414348440245
"158" 28 6.63803939831514 0.548702589003369
"159" 28 11.3558886042742 0.988207965623587
"160" 29 11.2834764081709 0
"161" 29 10.8716530482534 0.469962845556438
"162" 29 7.9918501713882 0.485244047362357
"163" 29 8.04872865709338 0.534376888303086
"164" 29 3.06406834186572 0.827321642776951
"165" 29 5.85207374985496 0.882006256375462
"166" 29 13.8954527394028 0.984096480533481
"167" 30 13.1765837808367 0
"168" 30 16.7727364944155 0.059956616256386
"169" 30 24.3078501947993 0.248120991047472
"170" 30 15.1090550314013 0.432926330482587
"171" 30 1.62761850302812 0.815456686308607
"172" 30 5.47966633496131 0.908233853289857
"173" 30 11.6162133574156 0.997699483530596
