"id" "w_obs" "t_ij"
"1" 1 14.4763118729967 0
"2" 1 17.2333185205082 0.0664287761319429
"3" 1 20.1794243882807 0.0680545659270138
"4" 1 3.38567095723302 0.675799183780327
"5" 1 4.79154656461916 0.692286966135725
"6" 1 5.34736351970145 0.824927911860868
"7" 2 7.28622833230796 0
"8" 2 12.3991830028845 0.430286851711571
"9" 2 0.77471256895029 0.791949837934226
"10" 2 5.01834128113606 0.911821130663157
"11" 3 11.3793498167194 0
"12" 3 10.2759313640182 0.0163589995354414
"13" 3 8.35705341065885 0.525151089997962
"14" 3 3.86791728092721 0.623169390717521
"15" 3 -0.727078882928938 0.742720391368493
"16" 4 8.87568402480218 0
"17" 4 13.9881417233337 0.0518688466399908
"18" 4 15.5677778891028 0.0805160591844469
"19" 4 21.577478660847 0.295679558534175
"20" 4 1.97228135551895 0.75132390554063
"21" 4 4.19771744748758 0.891406366601586
"22" 5 13.7928548046606 0
"23" 5 18.3291160887452 0.185407261596993
"24" 5 17.5528991599416 0.408856243127957
"25" 5 12.5230103146167 0.456340432632715
"26" 5 1.46361797738368 0.643624253338203
"27" 5 3.08715731160334 0.749801472527906
"28" 5 -2.27587163300743 0.757667443482205
"29" 6 8.30870151637813 0
"30" 6 13.8166598508867 0.0984406494535506
"31" 6 21.7953786297884 0.181178702739999
"32" 6 20.6331793193357 0.215846949024126
"33" 6 -1.01029414105368 0.746290303766727
"34" 6 5.60266812402682 0.956778077874333
"35" 6 11.8219442918522 0.968163058161736
"36" 6 9.79978255829916 0.99282219260931
"37" 7 6.98594650213166 0
"38" 7 17.5016564407143 0.169284271774814
"39" 7 18.6197512190483 0.19789560791105
"40" 7 21.6456505428469 0.258002509362996
"41" 7 18.1795330828328 0.350538040045649
"42" 7 2.67210432457434 0.652958960039541
"43" 8 13.8667539731494 0
"44" 8 24.4108338807404 0.213089046534151
"45" 8 10.7207079599619 0.532476209336892
"46" 8 10.1971240348022 0.680694995913655
"47" 8 8.79032228882412 0.914549376349896
"48" 9 15.5595569265012 0
"49" 9 3.47209979945074 0.72192918159999
"50" 9 4.27357403331594 0.827299886383116
"51" 10 9.2749728653843 0
"52" 10 14.3479843976976 0.0602426282130182
"53" 10 17.9687151703031 0.327375815017149
"54" 10 9.10031390728881 0.495927153155208
"55" 10 7.76322425638959 0.496131834806874
"56" 10 11.2472059299855 0.499099473003298
"57" 11 17.1804375138088 0
"58" 11 21.7509572293875 0.0998769567813724
"59" 11 19.3616685310876 0.461896063527092
"60" 11 12.2587610918585 0.548421438317746
"61" 12 8.75130329283567 0
"62" 12 14.3884600502735 0.141076905885711
"63" 12 14.7522946540151 0.144112686393783
"64" 12 1.58658803259095 0.667986956890672
"65" 13 12.3528581377731 0
"66" 13 17.2225371183879 0.075029025785625
"67" 13 19.541689669989 0.0782598040532321
"68" 13 22.1812565500282 0.304382715374231
"69" 13 19.5301988890722 0.409381082979962
"70" 13 1.16366088554223 0.694118584971875
"71" 13 3.29291535616611 0.810929466504604
"72" 14 9.03250380545621 0
"73" 14 16.3304533444572 0.0916792713105678
"74" 14 20.3596067412111 0.268767794826999
"75" 14 21.3844837275247 0.337088385829702
"76" 14 16.0746636124555 0.377917021745816
"77" 14 2.92768924710431 0.596132748993114
"78" 14 -0.53049943193058 0.789430833188817
"79" 14 7.17825992386842 0.977127878926694
"80" 15 9.41384055827269 0
"81" 15 20.1594708007546 0.251916448120028
"82" 15 22.690179879371 0.323226835113019
"83" 15 10.2906777241399 0.975739731220529
"84" 16 13.3341208110237 0
"85" 16 9.78463096060222 0.486413162900135
"86" 16 2.29223900162387 0.833717362722382
"87" 16 5.50112130279286 0.932182627730072
"88" 17 13.6251461684056 0
"89" 17 22.4848791311794 0.125085678882897
"90" 17 18.5034462323548 0.192452395800501
"91" 17 0.0173731051396363 0.795182765694335
"92" 17 4.96543998952737 0.83419257029891
"93" 17 3.03816997442895 0.874597636284307
"94" 18 6.45657632242088 0
"95" 18 9.45276503823573 0.080635296413675
"96" 18 10.6289340105983 0.101111795054749
"97" 18 12.0890007369777 0.142691429937258
"98" 18 11.4937655693344 0.390604063868523
"99" 18 6.43616445056114 0.520218707388267
"100" 18 -0.863743291547525 0.80362696107477
"101" 18 -6.3240183925472 0.875433324370533
"102" 19 10.6939319402894 0
"103" 19 14.708621367457 0.0135490025859326
"104" 19 19.9323870799252 0.157399479998276
"105" 19 22.9628184108132 0.24210321274586
"106" 19 18.1544410873385 0.357180929509923
"107" 19 21.4431785090929 0.368409430608153
"108" 20 12.8747926950849 0
"109" 20 13.55886463833 0.14249169966206
"110" 20 5.37474828610334 0.558519127545878
"111" 20 5.52028226278572 0.601079288404435
"112" 20 2.66785501071718 0.611920122522861
"113" 20 8.4018380809865 0.96827499079518
"114" 20 3.77334927587665 0.984972237143666
"115" 21 12.3353455644232 0
"116" 21 11.9868666519383 0.039944016141817
"117" 21 18.5813346278757 0.246418422088027
"118" 21 11.406712071777 0.499087519478053
"119" 21 2.56127825991146 0.721980079310015
"120" 21 2.50795825510171 0.777955596102402
"121" 21 6.88815928197002 0.837954759597778
"122" 21 9.85358855308075 0.989406118402257
"123" 22 9.63569318601241 0
"124" 22 19.4307480558863 0.0985118914395571
"125" 22 3.89184288586806 0.726164855994284
"126" 23 8.56113269012155 0
"127" 23 13.2718549120701 0.0829277504235506
"128" 23 19.0884155839856 0.312108141370118
"129" 23 0.532721634768855 0.679427264025435
"130" 23 5.84100783629539 0.931863210862502
"131" 24 6.59863781195842 0
"132" 24 10.895011472002 0.0554489800706506
"133" 24 14.0525052301302 0.152420151978731
"134" 24 14.2943118558037 0.181016272166744
"135" 24 -1.19085493296337 0.674604545114562
"136" 24 -4.97266547219183 0.694513238500804
"137" 24 2.60226276965724 0.949605015106499
"138" 25 7.65136980048307 0
"139" 25 17.717715379495 0.332802879391238
"140" 25 15.1774133621176 0.421973158372566
"141" 25 1.70495399160499 0.86425896291621
"142" 26 9.77120074422287 0
"143" 26 10.9114861583733 0.4380700183101
"144" 26 3.69469219364949 0.5323880543001
"145" 26 1.33684482407114 0.631769012426957
"146" 26 0.768898260933253 0.646634155418724
"147" 26 1.4547932597132 0.66217437130399
"148" 26 3.21135008077317 0.9048807551153
"149" 27 8.10917518841486 0
"150" 27 19.5568569394961 0.113903011893854
"151" 27 16.3289777003602 0.122568701161072
"152" 27 18.6582230132963 0.246670545311645
"153" 27 2.05392758167497 0.845077391015366
"154" 28 14.7213475994307 0
"155" 28 14.9202343154598 0.0359015252906829
"156" 28 20.4478626342124 0.133458707481623
"157" 28 21.1533779407079 0.148488626582548
"158" 28 21.6455278972814 0.170167762553319
"159" 28 3.88951431204279 0.683146653464064
"160" 29 10.2680963302078 0
"161" 29 16.0703156054647 0.105848141247407
"162" 29 1.89244480310788 0.636729329358786
"163" 29 2.64570540455633 0.677619871450588
"164" 29 -0.370686958370516 0.743653126526624
"165" 29 5.07089793078414 0.852949370862916
"166" 29 6.36507850620484 0.927007891237736
"167" 30 11.9297554424382 0
"168" 30 17.6370959728096 0.0976394158788026
"169" 30 20.1879913096907 0.248630073852837
"170" 30 22.1586604221647 0.267367264488712
"171" 30 18.3623757948696 0.323033530730754
"172" 30 6.04566449596807 0.554734298726544
"173" 30 2.28681045083837 0.822617111029103
